Scans: 1	Points: 2740	time: 333.000000
Energy(calc)	Energy(meas)	Sum	Scan1
1500	1481.63	961	961
1499.5	1482.19	905	905
1499	1480.85	879	879
1498.5	1480.84	929	929
1498	1480.83	967	967
1497.5	1479.61	1027	1027
1497	1479.64	955	955
1496.5	1478.39	918	918
1496	1478.38	947	947
1495.5	1478.4	936	936
1495	1477.21	933	933
1494.5	1477.19	916	916
1494	1475.98	973	973
1493.5	1475.96	992	992
1493	1475.93	942	942
1492.5	1474.79	925	925
1492	1474.75	944	944
1491.5	1473.53	975	975
1491	1473.53	906	906
1490.5	1473.5	928	928
1490	1472.38	946	946
1489.5	1472.38	968	968
1489	1471.1	972	972
1488.5	1471.12	921	921
1488	1470	964	964
1487.5	1469.96	903	903
1487	1469.97	1033	1033
1486.5	1468.72	881	881
1486	1468.71	929	929
1485.5	1467.58	976	976
1485	1467.59	984	984
1484.5	1467.54	909	909
1484	1466.33	937	937
1483.5	1466.31	942	942
1483	1465.16	931	931
1482.5	1465.16	1003	1003
1482	1465.16	965	965
1481.5	1463.91	952	952
1481	1463.89	962	962
1480.5	1462.76	909	909
1480	1462.73	971	971
1479.5	1462.76	931	931
1479	1461.49	943	943
1478.5	1461.45	936	936
1478	1460.32	952	952
1477.5	1460.32	910	910
1477	1459.05	964	964
1476.5	1459.07	922	922
1476	1459.06	945	945
1475.5	1457.87	921	921
1475	1457.89	924	924
1474.5	1456.63	911	911
1474	1456.62	941	941
1473.5	1456.62	950	950
1473	1455.47	918	918
1472.5	1455.44	938	938
1472	1454.21	921	921
1471.5	1454.19	963	963
1471	1454.19	951	951
1470.5	1453.06	974	974
1470	1453.05	950	950
1469.5	1451.81	955	955
1469	1451.84	919	919
1468.5	1450.7	952	952
1468	1450.7	935	935
1467.5	1450.71	953	953
1467	1449.44	924	924
1466.5	1449.47	921	921
1466	1448.32	902	902
1465.5	1448.32	910	910
1465	1448.31	954	954
1464.5	1447.05	981	981
1464	1447.02	983	983
1463.5	1445.9	931	931
1463	1445.9	970	970
1462.5	1445.89	921	921
1462	1444.62	968	968
1461.5	1444.63	863	863
1461	1443.45	954	954
1460.5	1443.48	883	883
1460	1443.46	943	943
1459.5	1442.17	1009	1009
1459	1442.2	915	915
1458.5	1441	1022	1022
1458	1440.98	924	924
1457.5	1439.75	921	921
1457	1439.72	967	967
1456.5	1439.73	963	963
1456	1438.62	933	933
1455.5	1438.59	927	927
1455	1437.34	918	918
1454.5	1437.37	912	912
1454	1437.32	916	916
1453.5	1436.2	955	955
1453	1436.21	923	923
1452.5	1434.9	908	908
1452	1434.94	972	972
1451.5	1434.93	949	949
1451	1433.78	961	961
1450.5	1433.79	938	938
1450	1432.53	919	919
1449.5	1432.52	970	970
1449	1432.54	950	950
1448.5	1431.43	923	923
1448	1431.39	890	890
1447.5	1430.15	929	929
1447	1430.15	946	946
1446.5	1428.99	939	939
1446	1429.02	962	962
1445.5	1429.01	958	958
1445	1427.73	969	969
1444.5	1427.75	943	943
1444	1426.6	952	952
1443.5	1426.57	931	931
1443	1426.6	953	953
1442.5	1425.33	989	989
1442	1425.31	872	872
1441.5	1424.2	986	986
1441	1424.17	944	944
1440.5	1424.16	893	893
1440	1422.93	924	924
1439.5	1422.91	929	929
1439	1421.76	971	971
1438.5	1421.79	942	942
1438	1421.77	954	954
1437.5	1420.66	932	932
1437	1420.65	926	926
1436.5	1419.51	873	873
1436	1419.48	951	951
1435.5	1418.33	931	931
1435	1418.33	1008	1008
1434.5	1418.33	873	873
1434	1417.21	950	950
1433.5	1417.17	993	993
1433	1416	869	869
1432.5	1416.02	909	909
1432	1416	982	982
1431.5	1414.88	976	976
1431	1414.9	969	969
1430.5	1413.75	909	909
1430	1413.71	931	931
1429.5	1413.77	952	952
1429	1412.56	978	978
1428.5	1412.51	957	957
1428	1411.38	939	939
1427.5	1411.38	954	954
1427	1411.36	952	952
1426.5	1410.17	922	922
1426	1410.15	915	915
1425.5	1408.93	930	930
1425	1408.98	946	946
1424.5	1407.69	910	910
1424	1407.69	965	965
1423.5	1407.71	940	940
1423	1406.49	977	977
1422.5	1406.48	951	951
1422	1405.23	996	996
1421.5	1405.21	923	923
1421	1405.19	914	914
1420.5	1404.06	907	907
1420	1404.04	946	946
1419.5	1402.75	891	891
1419	1402.78	944	944
1418.5	1402.75	967	967
1418	1401.55	911	911
1417.5	1401.57	900	900
1417	1400.31	942	942
1416.5	1400.31	929	929
1416	1399.14	950	950
1415.5	1399.13	941	941
1415	1399.1	959	959
1414.5	1397.89	971	971
1414	1397.89	892	892
1413.5	1396.71	917	917
1413	1396.72	993	993
1412.5	1396.73	970	970
1412	1395.48	943	943
1411.5	1395.49	882	882
1411	1394.35	927	927
1410.5	1394.33	936	936
1410	1394.32	958	958
1409.5	1393.11	964	964
1409	1393.08	886	886
1408.5	1391.94	971	971
1408	1391.96	957	957
1407.5	1391.93	922	922
1407	1390.71	928	928
1406.5	1390.71	995	995
1406	1389.54	971	971
1405.5	1389.55	974	974
1405	1388.29	1034	1034
1404.5	1388.27	939	939
1404	1388.29	968	968
1403.5	1387.15	862	862
1403	1387.12	979	979
1402.5	1385.86	888	888
1402	1385.88	942	942
1401.5	1385.85	915	915
1401	1384.73	950	950
1400.5	1384.72	936	936
1400	1383.43	976	976
1399.5	1383.46	951	951
1399	1383.48	971	971
1398.5	1382.3	971	971
1398	1382.3	895	895
1397.5	1381.04	874	874
1397	1381.01	949	949
1396.5	1381.04	974	974
1396	1379.92	939	939
1395.5	1379.9	961	961
1395	1378.62	966	966
1394.5	1378.63	961	961
1394	1377.5	919	919
1393.5	1377.5	930	930
1393	1377.51	978	978
1392.5	1376.2	994	994
1392	1376.22	917	917
1391.5	1375.11	918	918
1391	1375.07	913	913
1390.5	1375.11	921	921
1390	1373.86	932	932
1389.5	1373.86	999	999
1389	1372.73	925	925
1388.5	1372.73	909	909
1388	1372.71	903	903
1387.5	1371.46	925	925
1387	1371.46	892	892
1386.5	1370.29	906	906
1386	1370.32	937	937
1385.5	1370.29	875	875
1385	1369	936	936
1384.5	1369.03	1003	1003
1384	1367.87	961	961
1383.5	1367.88	942	942
1383	1366.64	978	978
1382.5	1366.61	881	881
1382	1366.6	930	930
1381.5	1365.45	1017	1017
1381	1365.45	980	980
1380.5	1364.15	892	892
1380	1364.18	945	945
1379.5	1364.15	936	936
1379	1362.98	940	940
1378.5	1363.01	949	949
1378	1361.7	879	879
1377.5	1361.69	926	926
1377	1361.71	973	973
1376.5	1360.58	999	999
1376	1360.58	853	853
1375.5	1359.3	942	942
1375	1359.3	964	964
1374.5	1358.18	884	884
1374	1358.2	978	978
1373.5	1358.21	939	939
1373	1356.88	941	941
1372.5	1356.9	994	994
1372	1355.78	911	911
1371.5	1355.75	898	898
1371	1355.77	966	966
1370.5	1354.52	948	948
1370	1354.51	1004	1004
1369.5	1353.42	964	964
1369	1353.4	1026	1026
1368.5	1353.4	912	912
1368	1352.12	923	923
1367.5	1352.1	929	929
1367	1350.99	967	967
1366.5	1351.01	955	955
1366	1350.97	966	966
1365.5	1349.67	1001	1001
1365	1349.71	925	925
1364.5	1348.57	1028	1028
1364	1348.56	912	912
1363.5	1347.29	999	999
1363	1347.27	978	978
1362.5	1347.27	1015	1015
1362	1346.16	956	956
1361.5	1346.15	1021	1021
1361	1344.86	1009	1009
1360.5	1344.89	980	980
1360	1344.88	976	976
1359.5	1343.7	934	934
1359	1343.74	975	975
1358.5	1342.41	1014	1014
1358	1342.37	972	972
1357.5	1342.42	959	959
1357	1341.28	999	999
1356.5	1341.25	943	943
1356	1339.95	1080	1080
1355.5	1339.97	1015	1015
1355	1339.93	938	938
1354.5	1338.81	921	921
1354	1338.81	1012	1012
1353.5	1337.51	960	960
1353	1337.52	958	958
1352.5	1336.37	919	919
1352	1336.34	912	912
1351.5	1336.36	968	968
1351	1335.15	924	924
1350.5	1335.13	953	953
1350	1333.97	1021	1021
1349.5	1333.99	970	970
1349	1333.95	959	959
1348.5	1332.72	999	999
1348	1332.74	999	999
1347.5	1331.54	960	960
1347	1331.55	914	914
1346.5	1331.57	1019	1019
1346	1330.25	972	972
1345.5	1330.28	979	979
1345	1329.11	939	939
1344.5	1329.09	996	996
1344	1329.09	971	971
1343.5	1327.85	905	905
1343	1327.85	950	950
1342.5	1326.65	908	908
1342	1326.68	925	925
1341.5	1325.4	984	984
1341	1325.41	952	952
1340.5	1325.44	1097	1097
1340	1324.19	996	996
1339.5	1324.18	929	929
1339	1322.94	909	909
1338.5	1322.93	982	982
1338	1322.91	962	962
1337.5	1321.77	926	926
1337	1321.76	945	945
1336.5	1320.5	937	937
1336	1320.56	970	970
1335.5	1320.52	945	945
1335	1319.33	960	960
1334.5	1319.36	1061	1061
1334	1318.11	933	933
1333.5	1318.1	963	963
1333	1316.95	971	971
1332.5	1316.95	966	966
1332	1316.94	922	922
1331.5	1315.76	964	964
1331	1315.76	938	938
1330.5	1314.56	959	959
1330	1314.59	945	945
1329.5	1314.58	903	903
1329	1313.34	974	974
1328.5	1313.38	902	902
1328	1312.16	974	974
1327.5	1312.15	985	985
1327	1312.18	930	930
1326.5	1310.91	913	913
1326	1310.92	989	989
1325.5	1309.76	973	973
1325	1309.75	943	943
1324.5	1309.72	956	956
1324	1308.52	906	906
1323.5	1308.52	991	991
1323	1307.31	930	930
1322.5	1307.34	979	979
1322	1306.11	930	930
1321.5	1306.09	995	995
1321	1306.12	933	933
1320.5	1304.88	1042	1042
1320	1304.89	954	954
1319.5	1303.68	936	936
1319	1303.67	951	951
1318.5	1303.66	930	930
1318	1302.48	954	954
1317.5	1302.46	959	959
1317	1301.26	943	943
1316.5	1301.26	953	953
1316	1301.28	896	896
1315.5	1300.06	980	980
1315	1300.08	914	914
1314.5	1298.85	998	998
1314	1298.86	956	956
1313.5	1298.86	964	964
1313	1297.63	1013	1013
1312.5	1297.66	939	939
1312	1296.51	932	932
1311.5	1296.48	926	926
1311	1295.3	988	988
1310.5	1295.31	953	953
1310	1295.27	982	982
1309.5	1294.1	956	956
1309	1294.12	981	981
1308.5	1292.89	986	986
1308	1292.9	985	985
1307.5	1292.91	1004	1004
1307	1291.67	966	966
1306.5	1291.7	993	993
1306	1290.49	954	954
1305.5	1290.47	902	902
1305	1290.48	947	947
1304.5	1289.29	940	940
1304	1289.26	940	940
1303.5	1288.07	938	938
1303	1288.03	873	873
1302.5	1288.01	951	951
1302	1286.86	983	983
1301.5	1286.82	939	939
1301	1285.58	888	888
1300.5	1285.59	1126	1126
1300	1284.39	1013	1013
1299.5	1284.39	942	942
1299	1284.4	953	953
1298.5	1283.16	916	916
1298	1283.15	914	914
1297.5	1282.01	968	968
1297	1281.97	979	979
1296.5	1281.97	922	922
1296	1280.76	918	918
1295.5	1280.76	929	929
1295	1279.56	912	912
1294.5	1279.58	931	931
1294	1279.58	948	948
1293.5	1278.35	958	958
1293	1278.37	986	986
1292.5	1277.2	963	963
1292	1277.19	970	970
1291.5	1277.21	976	976
1291	1275.96	980	980
1290.5	1275.95	1003	1003
1290	1274.8	966	966
1289.5	1274.78	1005	1005
1289	1273.56	1008	1008
1288.5	1273.57	909	909
1288	1273.55	957	957
1287.5	1272.39	963	963
1287	1272.41	944	944
1286.5	1271.15	957	957
1286	1271.14	964	964
1285.5	1271.18	925	925
1285	1270	901	901
1284.5	1270	911	911
1284	1268.75	967	967
1283.5	1268.73	894	894
1283	1268.73	911	911
1282.5	1267.56	980	980
1282	1267.56	1002	1002
1281.5	1266.31	984	984
1281	1266.32	916	916
1280.5	1265.22	1014	1014
1280	1265.22	956	956
1279.5	1265.22	973	973
1279	1264.06	997	997
1278.5	1264.04	957	957
1278	1262.91	974	974
1277.5	1262.91	1022	1022
1277	1262.9	902	902
1276.5	1261.73	978	978
1276	1261.72	1001	1001
1275.5	1260.58	988	988
1275	1260.62	907	907
1274.5	1260.58	976	976
1274	1259.41	951	951
1273.5	1259.42	987	987
1273	1258.34	914	914
1272.5	1258.34	969	969
1272	1258.35	924	924
1271.5	1257.1	977	977
1271	1257.12	932	932
1270.5	1255.94	935	935
1270	1255.94	957	957
1269.5	1254.73	917	917
1269	1254.73	932	932
1268.5	1254.73	991	991
1268	1253.53	1022	1022
1267.5	1253.55	957	957
1267	1252.21	970	970
1266.5	1252.22	967	967
1266	1252.23	973	973
1265.5	1251.01	932	932
1265	1251.04	956	956
1264.5	1249.78	974	974
1264	1249.76	1044	1044
1263.5	1249.76	902	902
1263	1248.55	888	888
1262.5	1248.52	942	942
1262	1247.28	934	934
1261.5	1247.27	1014	1014
1261	1247.25	966	966
1260.5	1245.99	935	935
1260	1246.01	956	956
1259.5	1244.75	974	974
1259	1244.75	962	962
1258.5	1243.59	928	928
1258	1243.55	987	987
1257.5	1243.58	979	979
1257	1242.35	1077	1077
1256.5	1242.32	971	971
1256	1241.16	926	926
1255.5	1241.17	942	942
1255	1241.17	936	936
1254.5	1239.94	940	940
1254	1239.95	947	947
1253.5	1238.8	995	995
1253	1238.79	992	992
1252.5	1238.8	919	919
1252	1237.54	901	901
1251.5	1237.56	957	957
1251	1236.39	968	968
1250.5	1236.35	919	919
1250	1236.38	935	935
1249.5	1235.15	1046	1046
1249	1235.15	1016	1016
1248.5	1233.98	979	979
1248	1233.99	957	957
1247.5	1232.72	949	949
1247	1232.74	950	950
1246.5	1232.75	1043	1043
1246	1231.54	1018	1018
1245.5	1231.56	1009	1009
1245	1230.34	944	944
1244.5	1230.35	1003	1003
1244	1230.36	983	983
1243.5	1229.14	969	969
1243	1229.14	974	974
1242.5	1227.94	1009	1009
1242	1227.94	1076	1076
1241.5	1227.93	1001	1001
1241	1226.73	1064	1064
1240.5	1226.71	969	969
1240	1225.48	1008	1008
1239.5	1225.49	1007	1007
1239	1224.29	1021	1021
1238.5	1224.3	972	972
1238	1224.31	1028	1028
1237.5	1223.09	1081	1081
1237	1223.08	1002	1002
1236.5	1221.89	1005	1005
1236	1221.86	1028	1028
1235.5	1221.89	1005	1005
1235	1220.7	1017	1017
1234.5	1220.67	951	951
1234	1219.49	1068	1068
1233.5	1219.51	1017	1017
1233	1219.49	969	969
1232.5	1218.34	990	990
1232	1218.31	1048	1048
1231.5	1217.07	1003	1003
1231	1217.1	995	995
1230.5	1217.12	1005	1005
1230	1215.91	994	994
1229.5	1215.93	1021	1021
1229	1214.71	1022	1022
1228.5	1214.7	988	988
1228	1213.49	1053	1053
1227.5	1213.5	968	968
1227	1213.49	1023	1023
1226.5	1212.27	1015	1015
1226	1212.27	985	985
1225.5	1211.08	1027	1027
1225	1211.09	982	982
1224.5	1211.09	1012	1012
1224	1209.83	1030	1030
1223.5	1209.85	1007	1007
1223	1208.69	985	985
1222.5	1208.68	1025	1025
1222	1208.68	961	961
1221.5	1207.4	1015	1015
1221	1207.4	1047	1047
1220.5	1206.25	979	979
1220	1206.28	1002	1002
1219.5	1206.24	1005	1005
1219	1205.02	1029	1029
1218.5	1205.03	980	980
1218	1203.87	973	973
1217.5	1203.88	931	931
1217	1202.62	1035	1035
1216.5	1202.6	1039	1039
1216	1202.62	1054	1054
1215.5	1201.5	1007	1007
1215	1201.46	963	963
1214.5	1200.23	1043	1043
1214	1200.24	1007	1007
1213.5	1200.22	1058	1058
1213	1199.09	1038	1038
1212.5	1199.11	965	965
1212	1197.81	1036	1036
1211.5	1197.81	952	952
1211	1197.84	994	994
1210.5	1196.7	1059	1059
1210	1196.7	973	973
1209.5	1195.42	1107	1107
1209	1195.41	1113	1113
1208.5	1195.42	1010	1010
1208	1194.27	1180	1180
1207.5	1194.27	1069	1069
1207	1192.99	1094	1094
1206.5	1193.01	1066	1066
1206	1191.89	1029	1029
1205.5	1191.87	1029	1029
1205	1191.86	1006	1006
1204.5	1190.58	1026	1026
1204	1190.55	1053	1053
1203.5	1189.47	1018	1018
1203	1189.45	1012	1012
1202.5	1189.43	1036	1036
1202	1188.15	1091	1091
1201.5	1188.16	1097	1097
1201	1186.97	1019	1019
1200.5	1187.01	992	992
1200	1187	1071	1071
1199.5	1185.67	1075	1075
1199	1185.71	1052	1052
1198.5	1184.54	1078	1078
1198	1184.52	1022	1022
1197.5	1183.26	1051	1051
1197	1183.25	1048	1048
1196.5	1183.25	998	998
1196	1182.11	1059	1059
1195.5	1182.1	1075	1075
1195	1180.83	1033	1033
1194.5	1180.84	1087	1087
1194	1180.85	1088	1088
1193.5	1179.63	1066	1066
1193	1179.67	1053	1053
1192.5	1178.43	1062	1062
1192	1178.41	1035	1035
1191.5	1178.4	968	968
1191	1177.29	1009	1009
1190.5	1177.25	1044	1044
1190	1176.01	992	992
1189.5	1176.02	1062	1062
1189	1176.01	1042	1042
1188.5	1174.84	1084	1084
1188	1174.88	1027	1027
1187.5	1173.54	963	963
1187	1173.54	1019	1019
1186.5	1172.4	1029	1029
1186	1172.37	1094	1094
1185.5	1172.38	987	987
1185	1171.13	1021	1021
1184.5	1171.09	1130	1130
1184	1169.98	1085	1085
1183.5	1169.98	1037	1037
1183	1169.98	1056	1056
1182.5	1168.67	1013	1013
1182	1168.67	1057	1057
1181.5	1167.48	1034	1034
1181	1167.49	1032	1032
1180.5	1167.49	1031	1031
1180	1166.22	1099	1099
1179.5	1166.26	1110	1110
1179	1165.09	1080	1080
1178.5	1165.08	968	968
1178	1165.11	1089	1089
1177.5	1163.84	1032	1032
1177	1163.81	1015	1015
1176.5	1162.69	1055	1055
1176	1162.68	1035	1035
1175.5	1161.45	990	990
1175	1161.48	1118	1118
1174.5	1161.45	1010	1010
1174	1160.31	1090	1090
1173.5	1160.32	1043	1043
1173	1159.05	1069	1069
1172.5	1159.05	1009	1009
1172	1159.07	983	983
1171.5	1157.91	1067	1067
1171	1157.91	1059	1059
1170.5	1156.68	1030	1030
1170	1156.65	989	989
1169.5	1156.65	1065	1065
1169	1155.52	1020	1020
1168.5	1155.49	1101	1101
1168	1154.22	1049	1049
1167.5	1154.24	1071	1071
1167	1154.23	1074	1074
1166.5	1153.07	1143	1143
1166	1153.09	1014	1014
1165.5	1151.82	1085	1085
1165	1151.81	1039	1039
1164.5	1150.68	1006	1006
1164	1150.66	1114	1114
1163.5	1150.67	1047	1047
1163	1149.42	917	917
1162.5	1149.4	1110	1110
1162	1148.22	1071	1071
1161.5	1148.26	1076	1076
1161	1148.23	1067	1067
1160.5	1146.97	1126	1126
1160	1146.97	1056	1056
1159.5	1145.86	1073	1073
1159	1145.86	998	998
1158.5	1145.86	1034	1034
1158	1144.58	1077	1077
1157.5	1144.58	1121	1121
1157	1143.44	1073	1073
1156.5	1143.42	1101	1101
1156	1142.19	1149	1149
1155.5	1142.21	1040	1040
1155	1142.19	1077	1077
1154.5	1141.03	1018	1018
1154	1141.04	1083	1083
1153.5	1139.77	1149	1149
1153	1139.79	1052	1052
1152.5	1139.82	1024	1024
1152	1138.63	1067	1067
1151.5	1138.64	1075	1075
1151	1137.4	986	986
1150.5	1137.37	1057	1057
1150	1137.38	1052	1052
1149.5	1136.25	1054	1054
1149	1136.24	1098	1098
1148.5	1134.95	1071	1071
1148	1135	1094	1094
1147.5	1134.95	1093	1093
1147	1133.8	1126	1126
1146.5	1133.81	1068	1068
1146	1132.52	1042	1042
1145.5	1132.55	1123	1123
1145	1131.4	1076	1076
1144.5	1131.37	1118	1118
1144	1131.37	1036	1036
1143.5	1130.14	1192	1192
1143	1130.11	1155	1155
1142.5	1128.93	1062	1062
1142	1128.93	1131	1131
1141.5	1128.92	1125	1125
1141	1127.66	1099	1099
1140.5	1127.69	1045	1045
1140	1126.54	1138	1138
1139.5	1126.53	1100	1100
1139	1126.53	1119	1119
1138.5	1125.3	1142	1142
1138	1125.29	1074	1074
1137.5	1124.12	1103	1103
1137	1124.11	1055	1055
1136.5	1124.12	1130	1130
1136	1122.93	1113	1113
1135.5	1122.92	1108	1108
1135	1121.71	1094	1094
1134.5	1121.74	1103	1103
1134	1120.5	1056	1056
1133.5	1120.49	1149	1149
1133	1120.52	1151	1151
1132.5	1119.32	1115	1115
1132	1119.31	1087	1087
1131.5	1118.11	1177	1177
1131	1118.11	1102	1102
1130.5	1118.1	1146	1146
1130	1116.91	1138	1138
1129.5	1116.93	1185	1185
1129	1115.69	1082	1082
1128.5	1115.7	1105	1105
1128	1115.69	1101	1101
1127.5	1114.48	1104	1104
1127	1114.51	1138	1138
1126.5	1113.29	1150	1150
1126	1113.26	1080	1080
1125.5	1113.28	1103	1103
1125	1112.08	1145	1145
1124.5	1112.07	1019	1019
1124	1110.89	1176	1176
1123.5	1110.89	1081	1081
1123	1109.65	1110	1110
1122.5	1109.66	1176	1176
1122	1109.68	1136	1136
1121.5	1108.54	1113	1113
1121	1108.56	1133	1133
1120.5	1107.43	1107	1107
1120	1107.39	1059	1059
1119.5	1107.43	1124	1124
1119	1106.3	1138	1138
1118.5	1106.27	1117	1117
1118	1105.1	1083	1083
1117.5	1105.1	1115	1115
1117	1105.08	1135	1135
1116.5	1103.99	1099	1099
1116	1103.98	1091	1091
1115.5	1102.84	1143	1143
1115	1102.87	1076	1076
1114.5	1102.85	1158	1158
1114	1101.75	1082	1082
1113.5	1101.75	1108	1108
1113	1100.49	1142	1142
1112.5	1100.48	1163	1163
1112	1099.34	1106	1106
1111.5	1099.33	1125	1125
1111	1099.33	1096	1096
1110.5	1098.08	1104	1104
1110	1098.07	1149	1149
1109.5	1096.93	1108	1108
1109	1096.91	1174	1174
1108.5	1096.92	1156	1156
1108	1095.59	1111	1111
1107.5	1095.61	1097	1097
1107	1094.47	1084	1084
1106.5	1094.45	1180	1180
1106	1094.46	1161	1161
1105.5	1093.18	1097	1097
1105	1093.16	1077	1077
1104.5	1092.01	1105	1105
1104	1091.99	1106	1106
1103.5	1090.68	1131	1131
1103	1090.71	1140	1140
1102.5	1090.69	1069	1069
1102	1089.52	1125	1125
1101.5	1089.54	1168	1168
1101	1088.24	1152	1152
1100.5	1088.24	1119	1119
1100	1088.27	1169	1169
1099.5	1087.13	1130	1130
1099	1087.12	1112	1112
1098.5	1085.86	1109	1109
1098	1085.85	1223	1223
1097.5	1085.86	1141	1141
1097	1084.72	1107	1107
1096.5	1084.71	1122	1122
1096	1083.47	1139	1139
1095.5	1083.46	1137	1137
1095	1083.46	1123	1123
1094.5	1082.31	1165	1165
1094	1082.32	1138	1138
1093.5	1081.06	1206	1206
1093	1081.09	1149	1149
1092.5	1079.92	1169	1169
1092	1079.91	1237	1237
1091.5	1079.9	1051	1051
1091	1078.69	1068	1068
1090.5	1078.66	1206	1206
1090	1077.51	1168	1168
1089.5	1077.52	1105	1105
1089	1077.51	1124	1124
1088.5	1076.24	1154	1154
1088	1076.27	1041	1041
1087.5	1075.06	1159	1159
1087	1075.08	1106	1106
1086.5	1075.1	1139	1139
1086	1073.83	1220	1220
1085.5	1073.84	1075	1075
1085	1072.68	1107	1107
1084.5	1072.69	1112	1112
1084	1072.66	1150	1150
1083.5	1071.46	1167	1167
1083	1071.44	1158	1158
1082.5	1070.25	1113	1113
1082	1070.27	1130	1130
1081.5	1069.01	1174	1174
1081	1069.01	1188	1188
1080.5	1069.03	1133	1133
1080	1067.85	1169	1169
1079.5	1067.84	1162	1162
1079	1066.63	1218	1218
1078.5	1066.6	1150	1150
1078	1066.61	1200	1200
1077.5	1065.48	1237	1237
1077	1065.45	1231	1231
1076.5	1064.25	1180	1180
1076	1064.24	1243	1243
1075.5	1064.23	1234	1234
1075	1063.03	1205	1205
1074.5	1063.07	1154	1154
1074	1061.83	1251	1251
1073.5	1061.83	1245	1245
1073	1061.85	1150	1150
1072.5	1060.64	1212	1212
1072	1060.65	1137	1137
1071.5	1059.43	1177	1177
1071	1059.43	1203	1203
1070.5	1058.22	1189	1189
1070	1058.25	1101	1101
1069.5	1058.23	1218	1218
1069	1056.99	1161	1161
1068.5	1057	1120	1120
1068	1055.8	1183	1183
1067.5	1055.79	1126	1126
1067	1055.81	1121	1121
1066.5	1054.58	1177	1177
1066	1054.57	1176	1176
1065.5	1053.38	1165	1165
1065	1053.37	1182	1182
1064.5	1053.37	1230	1230
1064	1052.19	1173	1173
1063.5	1052.18	1140	1140
1063	1050.93	1203	1203
1062.5	1050.94	1184	1184
1062	1049.71	1136	1136
1061.5	1049.71	1166	1166
1061	1049.72	1197	1197
1060.5	1048.56	1228	1228
1060	1048.54	1199	1199
1059.5	1047.35	1163	1163
1059	1047.35	1109	1109
1058.5	1047.33	1203	1203
1058	1046.18	1183	1183
1057.5	1046.16	1135	1135
1057	1044.95	1146	1146
1056.5	1044.97	1244	1244
1056	1044.97	1223	1223
1055.5	1043.74	1267	1267
1055	1043.76	1238	1238
1054.5	1042.56	1169	1169
1054	1042.55	1128	1128
1053.5	1042.57	1167	1167
1053	1041.33	1186	1186
1052.5	1041.34	1215	1215
1052	1040.13	1273	1273
1051.5	1040.13	1199	1199
1051	1038.92	1173	1173
1050.5	1038.93	1204	1204
1050	1038.91	1235	1235
1049.5	1037.73	1152	1152
1049	1037.75	1139	1139
1048.5	1036.51	1187	1187
1048	1036.52	1218	1218
1047.5	1036.52	1202	1202
1047	1035.32	1288	1288
1046.5	1035.34	1151	1151
1046	1034.1	1176	1176
1045.5	1034.08	1254	1254
1045	1034.09	1234	1234
1044.5	1032.94	1157	1157
1044	1032.91	1278	1278
1043.5	1031.68	1288	1288
1043	1031.65	1218	1218
1042.5	1031.66	1234	1234
1042	1030.46	1240	1240
1041.5	1030.44	1154	1154
1041	1029.19	1147	1147
1040.5	1029.24	1265	1265
1040	1028.04	1178	1178
1039.5	1028.02	1246	1246
1039	1028.04	1219	1219
1038.5	1026.84	1214	1214
1038	1026.78	1250	1250
1037.5	1025.62	1227	1227
1037	1025.63	1201	1201
1036.5	1025.61	1207	1207
1036	1024.36	1302	1302
1035.5	1024.37	1289	1289
1035	1023.16	1276	1276
1034.5	1023.19	1281	1281
1034	1023.17	1226	1226
1033.5	1021.91	1219	1219
1033	1021.95	1296	1296
1032.5	1020.77	1276	1276
1032	1020.75	1236	1236
1031.5	1020.78	1218	1218
1031	1019.56	1295	1295
1030.5	1019.53	1313	1313
1030	1018.37	1213	1213
1029.5	1018.35	1261	1261
1029	1017.1	1219	1219
1028.5	1017.12	1249	1249
1028	1017.09	1291	1291
1027.5	1015.87	1148	1148
1027	1015.91	1283	1283
1026.5	1014.65	1296	1296
1026	1014.64	1247	1247
1025.5	1014.66	1313	1313
1025	1013.46	1173	1173
1024.5	1013.44	1329	1329
1024	1012.18	1231	1231
1023.5	1012.18	1291	1291
1023	1012.16	1250	1250
1022.5	1010.99	1256	1256
1022	1010.97	1289	1289
1021.5	1009.73	1303	1303
1021	1009.78	1238	1238
1020.5	1008.57	1174	1174
1020	1008.57	1319	1319
1019.5	1008.57	1243	1243
1019	1007.34	1303	1303
1018.5	1007.34	1275	1275
1018	1006.2	1217	1217
1017.5	1006.18	1342	1342
1017	1006.18	1237	1237
1016.5	1004.96	1282	1282
1016	1004.93	1190	1190
1015.5	1003.81	1338	1338
1015	1003.83	1250	1250
1014.5	1003.79	1189	1189
1014	1002.57	1318	1318
1013.5	1002.58	1272	1272
1013	1001.41	1273	1273
1012.5	1001.4	1273	1273
1012	1001.42	1309	1309
1011.5	1000.15	1183	1183
1011	1000.15	1202	1202
1010.5	999	1259	1259
1010	998.98	1300	1300
1009.5	997.75	1304	1304
1009	997.75	1261	1261
1008.5	997.74	1255	1255
1008	996.57	1319	1319
1007.5	996.59	1258	1258
1007	995.32	1277	1277
1006.5	995.31	1400	1400
1006	995.32	1272	1272
1005.5	994.14	1408	1408
1005	994.15	1230	1230
1004.5	992.89	1240	1240
1004	992.89	1316	1316
1003.5	992.89	1283	1283
1003	991.73	1239	1239
1002.5	991.72	1184	1184
1002	990.47	1243	1243
1001.5	990.49	1249	1249
1001	990.46	1260	1260
1000.5	989.33	1221	1221
1000	989.33	1263	1263
999.5	988.1	1262	1262
999	988.11	1299	1299
998.5	986.94	1341	1341
998	986.94	1288	1288
997.5	986.97	1378	1378
997	985.68	1269	1269
996.5	985.69	1304	1304
996	984.59	1365	1365
995.5	984.53	1261	1261
995	984.55	1331	1331
994.5	983.32	1215	1215
994	983.3	1272	1272
993.5	982.17	1145	1145
993	982.18	1316	1316
992.5	982.17	1259	1259
992	980.9	1279	1279
991.5	980.9	1318	1318
991	979.75	1310	1310
990.5	979.77	1275	1275
990	979.78	1272	1272
989.5	978.43	1240	1240
989	978.46	1421	1421
988.5	977.33	1233	1233
988	977.29	1284	1284
987.5	976.04	1223	1223
987	976.02	1290	1290
986.5	976.04	1278	1278
986	974.88	1384	1384
985.5	974.89	1330	1330
985	973.6	1330	1330
984.5	973.61	1221	1221
984	973.61	1312	1312
983.5	972.41	1305	1305
983	972.44	1318	1318
982.5	971.17	1259	1259
982	971.17	1207	1207
981.5	971.18	1296	1296
981	970.04	1328	1328
980.5	970.04	1323	1323
980	968.82	1355	1355
979.5	968.81	1264	1264
979	968.82	1345	1345
978.5	967.68	1387	1387
978	967.66	1377	1377
977.5	966.39	1404	1404
977	966.42	1355	1355
976.5	965.26	1427	1427
976	965.25	1454	1454
975.5	965.26	1289	1289
975	964.01	1430	1430
974.5	964.01	1453	1453
974	962.87	1353	1353
973.5	962.84	1385	1385
973	962.85	1379	1379
972.5	961.61	1453	1453
972	961.59	1395	1395
971.5	960.46	1500	1500
971	960.46	1434	1434
970.5	960.42	1477	1477
970	959.19	1423	1423
969.5	959.17	1463	1463
969	958	1410	1410
968.5	958.03	1442	1442
968	956.76	1523	1523
967.5	956.75	1397	1397
967	956.77	1515	1515
966.5	955.59	1402	1402
966	955.61	1524	1524
965.5	954.35	1627	1627
965	954.35	1676	1676
964.5	954.36	1716	1716
964	953.18	2099	2099
963.5	953.16	1988	1988
963	951.88	1972	1972
962.5	951.89	1971	1971
962	951.86	2051	2051
961.5	950.71	1963	1963
961	950.71	2029	2029
960.5	949.47	1572	1572
960	949.47	1727	1727
959.5	949.47	1653	1653
959	948.27	1502	1502
958.5	948.29	1462	1462
958	947.04	1480	1480
957.5	947.01	1483	1483
957	945.83	1612	1612
956.5	945.81	1481	1481
956	945.83	1515	1515
955.5	944.58	1553	1553
955	944.58	1510	1510
954.5	943.4	1530	1530
954	943.41	1666	1666
953.5	943.4	1541	1541
953	942.15	1609	1609
952.5	942.17	1603	1603
952	941.01	1591	1591
951.5	940.98	1603	1603
951	941.02	1590	1590
950.5	939.72	1540	1540
950	939.7	1657	1657
949.5	938.51	1612	1612
949	938.5	1797	1797
948.5	938.51	1695	1695
948	937.25	1721	1721
947.5	937.25	1758	1758
947	936.05	1790	1790
946.5	936.06	1743	1743
946	934.78	1755	1755
945.5	934.79	1779	1779
945	934.82	1764	1764
944.5	933.55	1785	1785
944	933.57	1751	1751
943.5	932.31	1790	1790
943	932.28	1712	1712
942.5	932.31	1721	1721
942	931.13	1698	1698
941.5	931.1	1717	1717
941	929.94	1717	1717
940.5	929.94	1727	1727
940	929.92	1816	1816
939.5	928.76	1669	1669
939	928.75	1761	1761
938.5	927.52	1853	1853
938	927.52	1779	1779
937.5	927.52	1807	1807
937	926.32	1737	1737
936.5	926.33	1778	1778
936	925.11	1774	1774
935.5	925.1	1733	1733
935	923.94	1778	1778
934.5	923.94	1835	1835
934	923.91	1793	1793
933.5	922.72	1784	1784
933	922.71	1834	1834
932.5	921.53	1659	1659
932	921.55	1788	1788
931.5	921.54	1844	1844
931	920.3	1767	1767
930.5	920.33	1831	1831
930	919.11	1806	1806
929.5	919.1	1793	1793
929	919.14	1743	1743
928.5	917.89	1753	1753
928	917.89	1779	1779
927.5	916.72	1763	1763
927	916.71	1885	1885
926.5	915.5	1732	1732
926	915.5	1753	1753
925.5	915.49	1699	1699
925	914.26	1753	1753
924.5	914.29	1753	1753
924	913.06	1807	1807
923.5	913.06	1709	1709
923	913.08	1835	1835
922.5	911.88	1733	1733
922	911.86	1714	1714
921.5	910.69	1721	1721
921	910.68	1729	1729
920.5	910.69	1745	1745
920	909.48	1646	1646
919.5	909.46	1711	1711
919	908.27	1743	1743
918.5	908.29	1725	1725
918	908.27	1743	1743
917.5	907.06	1700	1700
917	907.07	1717	1717
916.5	905.86	1798	1798
916	905.87	1681	1681
915.5	904.69	1793	1793
915	904.66	1835	1835
914.5	904.66	1809	1809
914	903.49	1818	1818
913.5	903.48	1707	1707
913	902.26	1776	1776
912.5	902.28	1669	1669
912	902.26	1757	1757
911.5	901.09	1776	1776
911	901.08	1779	1779
910.5	899.85	1682	1682
910	899.86	1812	1812
909.5	899.86	1723	1723
909	898.63	1861	1861
908.5	898.66	1753	1753
908	897.44	1800	1800
907.5	897.43	1689	1689
907	897.45	1742	1742
906.5	896.27	1676	1676
906	896.24	1703	1703
905.5	895.01	1740	1740
905	895.01	1827	1827
904.5	893.8	1769	1769
904	893.81	1704	1704
903.5	893.81	1718	1718
903	892.58	1869	1869
902.5	892.61	1680	1680
902	891.44	1814	1814
901.5	891.43	1744	1744
901	891.47	1803	1803
900.5	890.2	1706	1706
900	890.2	1789	1789
899.5	889.06	1678	1678
899	889.03	1759	1759
898.5	889.03	1739	1739
898	887.82	1787	1787
897.5	887.8	1728	1728
897	886.65	1785	1785
896.5	886.64	1750	1750
896	886.61	1784	1784
895.5	885.4	1820	1820
895	885.41	1680	1680
894.5	884.22	1751	1751
894	884.23	1794	1794
893.5	883	1706	1706
893	882.97	1642	1642
892.5	882.99	1653	1653
892	881.82	1834	1834
891.5	881.8	1813	1813
891	880.57	1691	1691
890.5	880.58	1803	1803
890	880.56	1639	1639
889.5	879.41	1793	1793
889	879.41	1685	1685
888.5	878.16	1746	1746
888	878.16	1716	1716
887.5	878.15	1700	1700
887	876.98	1691	1691
886.5	877	1745	1745
886	875.73	1670	1670
885.5	875.72	1742	1742
885	874.58	1751	1751
884.5	874.56	1622	1622
884	874.55	1703	1703
883.5	873.29	1778	1778
883	873.26	1790	1790
882.5	872.15	1628	1628
882	872.16	1775	1775
881.5	872.16	1636	1636
881	870.85	1707	1707
880.5	870.86	1770	1770
880	869.69	1776	1776
879.5	869.71	1717	1717
879	869.72	1679	1679
878.5	868.4	1648	1648
878	868.41	1619	1619
877.5	867.25	1754	1754
877	867.22	1634	1634
876.5	867.24	1707	1707
876	866	1622	1622
875.5	865.99	1678	1678
875	864.84	1813	1813
874.5	864.84	1745	1745
874	863.58	1667	1667
873.5	863.59	1698	1698
873	863.6	1691	1691
872.5	862.41	1693	1693
872	862.43	1755	1755
871.5	861.14	1674	1674
871	861.11	1716	1716
870.5	861.12	1706	1706
870	859.97	1628	1628
869.5	859.95	1676	1676
869	858.69	1757	1757
868.5	858.69	1637	1637
868	858.68	1685	1685
867.5	857.52	1712	1712
867	857.53	1768	1768
866.5	856.22	1829	1829
866	856.24	1776	1776
865.5	856.23	1721	1721
865	855.03	1717	1717
864.5	855.04	1751	1751
864	853.77	1769	1769
863.5	853.77	1592	1592
863	852.67	1713	1713
862.5	852.67	1795	1795
862	852.66	1642	1642
861.5	851.43	1775	1775
861	851.39	1751	1751
860.5	850.25	1644	1644
860	850.27	1667	1667
859.5	850.25	1767	1767
859	848.99	1639	1639
858.5	849	1698	1698
858	847.84	1711	1711
857.5	847.84	1697	1697
857	847.85	1793	1793
856.5	846.57	1773	1773
856	846.59	1705	1705
855.5	845.45	1675	1675
855	845.43	1649	1649
854.5	845.45	1656	1656
854	844.18	1745	1745
853.5	844.16	1668	1668
853	843.04	1677	1677
852.5	843.02	1709	1709
852	841.76	1746	1746
851.5	841.75	1753	1753
851	841.76	1650	1650
850.5	840.6	1721	1721
850	840.62	1736	1736
849.5	839.37	1708	1708
849	839.34	1752	1752
848.5	839.38	1713	1713
848	838.21	1831	1831
847.5	838.19	1709	1709
847	836.97	1816	1816
846.5	836.96	1710	1710
846	836.93	1805	1805
845.5	835.79	1783	1783
845	835.77	1862	1862
844.5	834.5	1820	1820
844	834.52	1739	1739
843.5	833.4	1779	1779
843	833.38	1861	1861
842.5	833.41	1864	1864
842	832.14	1853	1853
841.5	832.15	1858	1858
841	830.99	1909	1909
840.5	830.98	1856	1856
840	830.99	1851	1851
839.5	829.77	1803	1803
839	829.75	1856	1856
838.5	828.55	1910	1910
838	828.59	1812	1812
837.5	828.56	1915	1915
837	827.35	1815	1815
836.5	827.36	1916	1916
836	826.17	1899	1899
835.5	826.17	1880	1880
835	826.2	1868	1868
834.5	824.94	1872	1872
834	824.95	1957	1957
833.5	823.76	2005	2005
833	823.75	1918	1918
832.5	822.49	2092	2092
832	822.51	1886	1886
831.5	822.49	1847	1847
831	821.3	1995	1995
830.5	821.34	1920	1920
830	820.08	1983	1983
829.5	820.08	1933	1933
829	820.1	1941	1941
828.5	818.88	2010	2010
828	818.88	2052	2052
827.5	817.67	1955	1955
827	817.65	2141	2141
826.5	817.66	2063	2063
826	816.49	2019	2019
825.5	816.46	2129	2129
825	815.24	2113	2113
824.5	815.24	2090	2090
824	815.23	2153	2153
823.5	814.07	2211	2211
823	814.1	2196	2196
822.5	812.86	2230	2230
822	812.87	2331	2331
821.5	811.7	2279	2279
821	811.69	2371	2371
820.5	811.68	2220	2220
820	810.48	2241	2241
819.5	810.47	2272	2272
819	809.26	2262	2262
818.5	809.28	2238	2238
818	809.26	2300	2300
817.5	808.05	2328	2328
817	808.08	2357	2357
816.5	806.87	2337	2337
816	806.86	2419	2419
815.5	806.9	2394	2394
815	805.67	2487	2487
814.5	805.66	2370	2370
814	804.47	2307	2307
813.5	804.44	2302	2302
813	804.44	2441	2441
812.5	803.25	2336	2336
812	803.25	2413	2413
811.5	802.04	2404	2404
811	802.06	2491	2491
810.5	800.84	2437	2437
810	800.82	2448	2448
809.5	800.86	2413	2413
809	799.61	2389	2389
808.5	799.59	2393	2393
808	798.44	2549	2549
807.5	798.43	2490	2490
807	798.41	2394	2394
806.5	797.24	2341	2341
806	797.21	2450	2450
805.5	796.12	2500	2500
805	796.14	2415	2415
804.5	796.12	2505	2505
804	794.97	2286	2286
803.5	794.98	2565	2565
803	793.85	2414	2414
802.5	793.85	2460	2460
802	793.86	2441	2441
801.5	792.66	2481	2481
801	792.65	2306	2306
800.5	791.56	2489	2489
800	791.56	2406	2406
799.5	790.36	2509	2509
799	790.38	2446	2446
798.5	790.36	2448	2448
798	789.32	2440	2440
797.5	789.33	2449	2449
797	788.05	2452	2452
796.5	788.04	2333	2333
796	788.07	2608	2608
795.5	786.93	2427	2427
795	786.91	2447	2447
794.5	785.66	2464	2464
794	785.63	2491	2491
793.5	785.64	2416	2416
793	784.52	2409	2409
792.5	784.49	2512	2512
792	783.17	2378	2378
791.5	783.21	2499	2499
791	782.03	2492	2492
790.5	782.04	2457	2457
790	782.05	2558	2558
789.5	780.74	2430	2430
789	780.72	2500	2500
788.5	779.58	2452	2452
788	779.57	2333	2333
787.5	779.57	2394	2394
787	778.29	2429	2429
786.5	778.27	2445	2445
786	777.1	2398	2398
785.5	777.13	2470	2470
785	777.11	2460	2460
784.5	775.82	2385	2385
784	775.84	2386	2386
783.5	774.69	2405	2405
783	774.68	2531	2531
782.5	774.68	2500	2500
782	773.45	2338	2338
781.5	773.42	2436	2436
781	772.29	2440	2440
780.5	772.29	2456	2456
780	771	2427	2427
779.5	771	2428	2428
779	771.02	2442	2442
778.5	769.87	2440	2440
778	769.87	2444	2444
777.5	768.63	2337	2337
777	768.62	2455	2455
776.5	768.61	2389	2389
776	767.49	2436	2436
775.5	767.47	2548	2548
775	766.19	2520	2520
774.5	766.2	2319	2319
774	766.21	2458	2458
773.5	765.06	2323	2323
773	765.08	2386	2386
772.5	763.81	2395	2395
772	763.79	2356	2356
771.5	763.82	2399	2399
771	762.67	2365	2365
770.5	762.66	2367	2367
770	761.4	2470	2470
769.5	761.38	2492	2492
769	760.21	2461	2461
768.5	760.24	2446	2446
768	760.22	2431	2431
767.5	758.95	2280	2280
767	758.99	2311	2311
766.5	757.81	2273	2273
766	757.81	2256	2256
765.5	757.81	2474	2474
765	756.57	2294	2294
764.5	756.57	2506	2506
764	755.44	2344	2344
763.5	755.42	2378	2378
763	755.4	2403	2403
762.5	754.2	2463	2463
762	754.2	2480	2480
761.5	753.02	2414	2414
761	753.04	2413	2413
760.5	753.03	2439	2439
760	751.76	2410	2410
759.5	751.77	2301	2301
759	750.6	2494	2494
758.5	750.57	2429	2429
758	749.38	2385	2385
757.5	749.4	2412	2412
757	749.36	2399	2399
756.5	748.19	2266	2266
756	748.21	2380	2380
755.5	746.98	2327	2327
755	746.99	2430	2430
754.5	747.01	2337	2337
754	745.81	2490	2490
753.5	745.81	2308	2308
753	744.58	2521	2521
752.5	744.56	2340	2340
752	744.56	2400	2400
751.5	743.39	2393	2393
751	743.39	2304	2304
750.5	742.16	2334	2334
750	742.15	2356	2356
749.5	740.95	2373	2373
749	740.93	2337	2337
748.5	740.95	2358	2358
748	739.74	2409	2409
747.5	739.73	2393	2393
747	738.54	2455	2455
746.5	738.52	2295	2295
746	738.52	2488	2488
745.5	737.36	2293	2293
745	737.33	2346	2346
744.5	736.11	2272	2272
744	736.12	2384	2384
743.5	736.11	2362	2362
743	734.93	2348	2348
742.5	734.92	2284	2284
742	733.72	2300	2300
741.5	733.73	2322	2322
741	733.73	2464	2464
740.5	732.51	2376	2376
740	732.51	2273	2273
739.5	731.31	2386	2386
739	731.29	2400	2400
738.5	730.13	2360	2360
738	730.12	2205	2205
737.5	730.12	2377	2377
737	728.91	2410	2410
736.5	728.92	2410	2410
736	727.71	2490	2490
735.5	727.71	2299	2299
735	727.73	2346	2346
734.5	726.48	2328	2328
734	726.49	2342	2342
733.5	725.3	2410	2410
733	725.3	2310	2310
732.5	725.31	2345	2345
732	724.1	2417	2417
731.5	724.06	2359	2359
731	722.88	2344	2344
730.5	722.91	2466	2466
730	722.89	2271	2271
729.5	721.63	2257	2257
729	721.65	2391	2391
728.5	720.47	2309	2309
728	720.49	2375	2375
727.5	719.26	2395	2395
727	719.23	2420	2420
726.5	719.25	2384	2384
726	718.09	2347	2347
725.5	718.07	2455	2455
725	716.79	2381	2381
724.5	716.81	2228	2228
724	716.78	2469	2469
723.5	715.61	2394	2394
723	715.62	2264	2264
722.5	714.35	2415	2415
722	714.37	2405	2405
721.5	714.38	2279	2279
721	713.19	2506	2506
720.5	713.2	2317	2317
720	711.9	2361	2361
719.5	711.91	2386	2386
719	711.91	2484	2484
718.5	710.76	2374	2374
718	710.74	2512	2512
717.5	709.49	2341	2341
717	709.51	2491	2491
716.5	708.35	2510	2510
716	708.37	2490	2490
715.5	708.38	2440	2440
715	707.1	2481	2481
714.5	707.1	2431	2431
714	705.98	2426	2426
713.5	705.95	2364	2364
713	705.96	2429	2429
712.5	704.67	2457	2457
712	704.68	2389	2389
711.5	703.48	2528	2528
711	703.5	2429	2429
710.5	703.45	2533	2533
710	702.21	2433	2433
709.5	702.22	2351	2351
709	701.05	2369	2369
708.5	701.05	2503	2503
708	699.74	2527	2527
707.5	699.72	2466	2466
707	699.74	2498	2498
706.5	698.63	2399	2399
706	698.59	2442	2442
705.5	697.33	2558	2558
705	697.33	2564	2564
704.5	697.32	2479	2479
704	696.2	2416	2416
703.5	696.19	2593	2593
703	694.91	2476	2476
702.5	694.92	2357	2357
702	694.93	2590	2590
701.5	693.75	2531	2531
701	693.77	2536	2536
700.5	692.49	2534	2534
700	692.5	2522	2522
699.5	692.5	2593	2593
699	691.37	2546	2546
698.5	691.36	2525	2525
698	690.12	2549	2549
697.5	690.11	2567	2567
697	688.96	2577	2577
696.5	688.98	2479	2479
696	688.97	2600	2600
695.5	687.67	2608	2608
695	687.68	2662	2662
694.5	686.55	2561	2561
694	686.55	2658	2658
693.5	686.55	2527	2527
693	685.28	2531	2531
692.5	685.29	2515	2515
692	684.14	2533	2533
691.5	684.11	2632	2632
691	684.13	2652	2652
690.5	682.87	2587	2587
690	682.85	2644	2644
689.5	681.73	2599	2599
689	681.76	2472	2472
688.5	681.72	2572	2572
688	680.46	2617	2617
687.5	680.48	2632	2632
687	679.36	2705	2705
686.5	679.34	2472	2472
686	678.06	2682	2682
685.5	678.06	2583	2583
685	678.06	2508	2508
684.5	676.94	2431	2431
684	676.92	2613	2613
683.5	675.69	2606	2606
683	675.67	2683	2683
682.5	675.65	2664	2664
682	674.54	2652	2652
681.5	674.53	2644	2644
681	673.23	2570	2570
680.5	673.27	2625	2625
680	673.23	2639	2639
679.5	672.1	2651	2651
679	672.12	2462	2462
678.5	670.87	2656	2656
678	670.85	2620	2620
677.5	670.87	2695	2695
677	669.69	2615	2615
676.5	669.69	2746	2746
676	668.44	2684	2684
675.5	668.43	2537	2537
675	667.27	2568	2568
674.5	667.3	2680	2680
674	667.29	2521	2521
673.5	666	2554	2554
673	666.04	2755	2755
672.5	664.87	2568	2568
672	664.84	2691	2691
671.5	664.88	2611	2611
671	663.59	2505	2505
670.5	663.58	2541	2541
670	662.44	2458	2458
669.5	662.45	2583	2583
669	662.42	2572	2572
668.5	661.19	2694	2694
668	661.19	2526	2526
667.5	660.03	2535	2535
667	660.05	2702	2702
666.5	660.06	2657	2657
666	658.77	2681	2681
665.5	658.77	2498	2498
665	657.62	2615	2615
664.5	657.61	2563	2563
664	656.4	2555	2555
663.5	656.39	2718	2718
663	656.36	2588	2588
662.5	655.23	2543	2543
662	655.23	2702	2702
661.5	653.96	2619	2619
661	653.97	2580	2580
660.5	653.96	2572	2572
660	652.81	2569	2569
659.5	652.84	2719	2719
659	651.6	2580	2580
658.5	651.59	2540	2540
658	651.61	2695	2695
657.5	650.43	2608	2608
657	650.42	2596	2596
656.5	649.21	2542	2542
656	649.19	2620	2620
655.5	647.99	2765	2765
655	648.03	2673	2673
654.5	648	2648	2648
654	646.77	2615	2615
653.5	646.79	2638	2638
653	645.59	2530	2530
652.5	645.58	2641	2641
652	645.61	2675	2675
651.5	644.36	2516	2516
651	644.35	2501	2501
650.5	643.2	2698	2698
650	643.17	2582	2582
649.5	643.16	2620	2620
649	641.97	2510	2510
648.5	641.94	2605	2605
648	640.8	2562	2562
647.5	640.79	2656	2656
647	640.8	2633	2633
646.5	639.64	2714	2714
646	639.66	2750	2750
645.5	638.45	2601	2601
645	638.44	2592	2592
644.5	637.28	2535	2535
644	637.27	2578	2578
643.5	637.26	2552	2552
643	636.1	2699	2699
642.5	636.06	2677	2677
642	634.9	2644	2644
641.5	634.93	2544	2544
641	634.91	2455	2455
640.5	633.74	2762	2762
640	633.75	2741	2741
639.5	632.58	2771	2771
639	632.58	2696	2696
638.5	632.59	2779	2779
638	631.35	2597	2597
637.5	631.34	2642	2642
637	630.2	2661	2661
636.5	630.19	2660	2660
636	630.21	2671	2671
635.5	628.98	2606	2606
635	628.95	2611	2611
634.5	627.76	2490	2490
634	627.79	2643	2643
633.5	626.49	2705	2705
633	626.48	2685	2685
632.5	626.49	2644	2644
632	625.26	2586	2586
631.5	625.25	2570	2570
631	624.02	2582	2582
630.5	623.99	2503	2503
630	624.01	2646	2646
629.5	622.81	2611	2611
629	622.78	2628	2628
628.5	621.52	2630	2630
628	621.52	2658	2658
627.5	621.5	2664	2664
627	620.31	2675	2675
626.5	620.32	2660	2660
626	619.04	2541	2541
625.5	619.07	2611	2611
625	619.07	2663	2663
624.5	617.89	2637	2637
624	617.89	2645	2645
623.5	616.64	2618	2618
623	616.62	2791	2791
622.5	615.48	2637	2637
622	615.5	2717	2717
621.5	615.46	2708	2708
621	614.23	2802	2802
620.5	614.25	2710	2710
620	613.08	2684	2684
619.5	613.09	2706	2706
619	613.07	2632	2632
618.5	611.83	2629	2629
618	611.83	2575	2575
617.5	610.66	2635	2635
617	610.65	2565	2565
616.5	610.67	2783	2783
616	609.44	2644	2644
615.5	609.42	2610	2610
615	608.27	2695	2695
614.5	608.29	2654	2654
614	607.01	2678	2678
613.5	607.01	2775	2775
613	607.03	2618	2618
612.5	605.84	2751	2751
612	605.83	2681	2681
611.5	604.59	2657	2657
611	604.59	2637	2637
610.5	604.58	2635	2635
610	603.44	2653	2653
609.5	603.45	2636	2636
609	602.21	2585	2585
608.5	602.24	2715	2715
608	602.22	2682	2682
607.5	601.04	2625	2625
607	601.07	2633	2633
606.5	599.78	2683	2683
606	599.78	2650	2650
605.5	599.78	2783	2783
605	598.62	2772	2772
604.5	598.63	2768	2768
604	597.4	2695	2695
603.5	597.38	2679	2679
603	596.22	2739	2739
602.5	596.24	2606	2606
602	596.21	2728	2728
601.5	594.94	2768	2768
601	595	2780	2780
600.5	593.82	2736	2736
600	593.83	2563	2563
599.5	593.85	2691	2691
599	592.59	2803	2803
598.5	592.56	2637	2637
598	591.44	2791	2791
597.5	591.43	2772	2772
597	591.43	2698	2698
596.5	590.17	2750	2750
596	590.17	2846	2846
595.5	589.02	2747	2747
595	589.02	2749	2749
594.5	589.01	2722	2722
594	587.75	2772	2772
593.5	587.74	2756	2756
593	586.6	2631	2631
592.5	586.6	2646	2646
592	585.33	2721	2721
591.5	585.32	2693	2693
591	585.32	2779	2779
590.5	584.19	2783	2783
590	584.2	2805	2805
589.5	582.91	2716	2716
589	582.91	2568	2568
588.5	582.92	2618	2618
588	581.79	2608	2608
587.5	581.79	2739	2739
587	580.49	2718	2718
586.5	580.49	2740	2740
586	580.5	2723	2723
585.5	579.4	2641	2641
585	579.38	2657	2657
584.5	578.1	2815	2815
584	578.09	2689	2689
583.5	578.09	2746	2746
583	576.98	2566	2566
582.5	576.99	2722	2722
582	575.66	2636	2636
581.5	575.68	2694	2694
581	574.58	2590	2590
580.5	574.57	2696	2696
580	574.58	2727	2727
579.5	573.3	2696	2696
579	573.28	2621	2621
578.5	572.17	2723	2723
578	572.17	2659	2659
577.5	572.15	2664	2664
577	570.87	2635	2635
576.5	570.89	2696	2696
576	569.73	2749	2749
575.5	569.76	2815	2815
575	569.76	2527	2527
574.5	568.46	2811	2811
574	568.47	2816	2816
573.5	567.33	2707	2707
573	567.3	2659	2659
572.5	566.08	2648	2648
572	566.08	2702	2702
571.5	566.06	2745	2745
571	564.92	2812	2812
570.5	564.91	2888	2888
570	563.68	2729	2729
569.5	563.7	2916	2916
569	563.69	2717	2717
568.5	562.48	2691	2691
568	562.52	2796	2796
567.5	561.23	2826	2826
567	561.21	2852	2852
566.5	561.21	2813	2813
566	560.07	2840	2840
565.5	560.04	2666	2666
565	558.79	2739	2739
564.5	558.79	2871	2871
564	558.77	2687	2687
563.5	557.61	2792	2792
563	557.62	2817	2817
562.5	556.35	2741	2741
562	556.35	2725	2725
561.5	555.18	2765	2765
561	555.16	2697	2697
560.5	555.17	2763	2763
560	553.92	2789	2789
559.5	553.9	2888	2888
559	552.75	2735	2735
558.5	552.76	2772	2772
558	552.74	2628	2628
557.5	551.53	2645	2645
557	551.52	2884	2884
556.5	550.35	2711	2711
556	550.36	2764	2764
555.5	550.37	2876	2876
555	549.06	2682	2682
554.5	549.08	2699	2699
554	547.89	2681	2681
553.5	547.85	2707	2707
553	547.9	2647	2647
552.5	546.63	2671	2671
552	546.64	2625	2625
551.5	545.43	2682	2682
551	545.44	2625	2625
550.5	544.22	2761	2761
550	544.23	2844	2844
549.5	544.21	2861	2861
549	542.99	2680	2680
548.5	543.01	2651	2651
548	541.73	2844	2844
547.5	541.72	2733	2733
547	541.74	2676	2676
546.5	540.58	2747	2747
546	540.58	2820	2820
545.5	539.35	2701	2701
545	539.36	2725	2725
544.5	539.34	2669	2669
544	538.16	2741	2741
543.5	538.17	2891	2891
543	536.95	2843	2843
542.5	536.95	2713	2713
542	536.95	2795	2795
541.5	535.77	2566	2566
541	535.76	2721	2721
540.5	534.56	2760	2760
540	534.57	2768	2768
539.5	533.36	2784	2784
539	533.36	2791	2791
538.5	533.37	2789	2789
538	532.13	2705	2705
537.5	532.14	2727	2727
537	530.98	2709	2709
536.5	530.95	2794	2794
536	530.96	2627	2627
535.5	529.75	2738	2738
535	529.73	2788	2788
534.5	528.54	2683	2683
534	528.53	2647	2647
533.5	528.52	2759	2759
533	527.32	2658	2658
532.5	527.33	2882	2882
532	526.12	2699	2699
531.5	526.12	2783	2783
531	524.96	2728	2728
530.5	524.94	2812	2812
530	524.96	2592	2592
529.5	523.74	2690	2690
529	523.73	2909	2909
528.5	522.51	2713	2713
528	522.54	2852	2852
527.5	522.52	2888	2888
527	521.31	2808	2808
526.5	521.34	2875	2875
526	520.13	2859	2859
525.5	520.11	2742	2742
525	520.13	2847	2847
524.5	518.92	2906	2906
524	518.9	2945	2945
523.5	517.73	2874	2874
523	517.72	2950	2950
522.5	517.72	2841	2841
522	516.51	2841	2841
521.5	516.51	2897	2897
521	515.29	3011	3011
520.5	515.31	3013	3013
520	514.08	3154	3154
519.5	514.07	3061	3061
519	514.06	3094	3094
518.5	512.92	3136	3136
518	512.92	3190	3190
517.5	511.69	3159	3159
517	511.69	3092	3092
516.5	511.68	3199	3199
516	510.5	3030	3030
515.5	510.5	2940	2940
515	509.25	2999	2999
514.5	509.25	2858	2858
514	509.24	3090	3090
513.5	508.07	3005	3005
513	508.07	2791	2791
512.5	506.83	2995	2995
512	506.82	2991	2991
511.5	506.83	3006	3006
511	505.69	2779	2779
510.5	505.69	2929	2929
510	504.43	2875	2875
509.5	504.45	2745	2745
509	503.26	2922	2922
508.5	503.26	2855	2855
508	503.26	2896	2896
507.5	502.01	2900	2900
507	502	2822	2822
506.5	500.85	2918	2918
506	500.84	2935	2935
505.5	500.84	2807	2807
505	499.61	2867	2867
504.5	499.59	2854	2854
504	498.43	2869	2869
503.5	498.44	2952	2952
503	498.43	2777	2777
502.5	497.19	2854	2854
502	497.2	2937	2937
501.5	496.03	2955	2955
501	496.01	2958	2958
500.5	496.02	2973	2973
500	494.81	2933	2933
499.5	494.78	2920	2920
499	493.64	2890	2890
498.5	493.64	2984	2984
498	492.39	3029	3029
497.5	492.38	2934	2934
497	492.39	2892	2892
496.5	491.19	2929	2929
496	491.22	2978	2978
495.5	489.98	2920	2920
495	489.96	3060	3060
494.5	489.98	2799	2799
494	488.81	3057	3057
493.5	488.81	2982	2982
493	487.57	2929	2929
492.5	487.55	2904	2904
492	487.52	2945	2945
491.5	486.42	2904	2904
491	486.42	2867	2867
490.5	485.16	3015	3015
490	485.18	2902	2902
489.5	485.16	2846	2846
489	484.05	2919	2919
488.5	484.08	2980	2980
488	482.92	2919	2919
487.5	482.9	2921	2921
487	481.79	2970	2970
486.5	481.77	2957	2957
486	481.77	2913	2913
485.5	480.59	3041	3041
485	480.59	2897	2897
484.5	479.46	3016	3016
484	479.48	2996	2996
483.5	479.47	2883	2883
483	478.28	2930	2930
482.5	478.3	3021	3021
482	477.22	2854	2854
481.5	477.21	3026	3026
481	477.2	3003	3003
480.5	476.02	3060	3060
480	476.03	2882	2882
479.5	474.83	3057	3057
479	474.83	2940	2940
478.5	473.61	2948	2948
478	473.62	2910	2910
477.5	473.63	2855	2855
477	472.41	2862	2862
476.5	472.41	2992	2992
476	471.19	2908	2908
475.5	471.17	2965	2965
475	471.2	2998	2998
474.5	469.95	2934	2934
474	469.95	2975	2975
473.5	468.71	3069	3069
473	468.71	2844	2844
472.5	468.69	2961	2961
472	467.51	3033	3033
471.5	467.51	2946	2946
471	466.29	2888	2888
470.5	466.29	2875	2875
470	466.28	2886	2886
469.5	465.03	2796	2796
469	465.04	3012	3012
468.5	463.82	2982	2982
468	463.81	2941	2941
467.5	462.59	2964	2964
467	462.59	2998	2998
466.5	462.59	2990	2990
466	461.39	2936	2936
465.5	461.4	2945	2945
465	460.18	3035	3035
464.5	460.19	2970	2970
464	460.19	3023	3023
463.5	459	2948	2948
463	458.98	2859	2859
462.5	457.77	2817	2817
462	457.78	2911	2911
461.5	457.78	2983	2983
461	456.59	2876	2876
460.5	456.6	2951	2951
460	455.39	2964	2964
459.5	455.38	2968	2968
459	455.38	2908	2908
458.5	454.2	3014	3014
458	454.21	3081	3081
457.5	452.98	2921	2921
457	452.98	2941	2941
456.5	451.79	3038	3038
456	451.79	3003	3003
455.5	451.78	2801	2801
455	450.57	2942	2942
454.5	450.56	3038	3038
454	449.38	2929	2929
453.5	449.38	2908	2908
453	449.37	2856	2856
452.5	448.17	3014	3014
452	448.17	3043	3043
451.5	446.99	2950	2950
451	447	3001	3001
450.5	446.99	2863	2863
450	445.75	2929	2929
449.5	445.76	2964	2964
449	444.59	3082	3082
448.5	444.57	3014	3014
448	444.58	3118	3118
447.5	443.33	3131	3131
447	443.32	2858	2858
446.5	442.19	2864	2864
446	442.18	2967	2967
445.5	440.92	3003	3003
445	440.94	2945	2945
444.5	440.92	2923	2923
444	439.79	2936	2936
443.5	439.77	2945	2945
443	438.52	3014	3014
442.5	438.5	2806	2806
442	438.5	2810	2810
441.5	437.38	2940	2940
441	437.38	2873	2873
440.5	436.11	3142	3142
440	436.12	3005	3005
439.5	436.09	3000	3000
439	434.97	3070	3070
438.5	434.98	2968	2968
438	433.68	2851	2851
437.5	433.69	3087	3087
437	432.56	2908	2908
436.5	432.56	2933	2933
436	432.56	2966	2966
435.5	431.29	3051	3051
435	431.28	2915	2915
434.5	430.14	3037	3037
434	430.15	3023	3023
433.5	430.14	3052	3052
433	428.87	2907	2907
432.5	428.88	3087	3087
432	427.75	3049	3049
431.5	427.75	3054	3054
431	427.76	2942	2942
430.5	426.46	3067	3067
430	426.45	3056	3056
429.5	425.33	2921	2921
429	425.32	3036	3036
428.5	425.33	3083	3083
428	424.02	3254	3254
427.5	424.02	3036	3036
427	422.89	3111	3111
426.5	422.89	3023	3023
426	421.61	3047	3047
425.5	421.64	3028	3028
425	421.62	3123	3123
424.5	420.47	3038	3038
424	420.5	3151	3151
423.5	419.22	3126	3126
423	419.22	3296	3296
422.5	419.21	3069	3069
422	418.07	3260	3260
421.5	418.06	3306	3306
421	416.83	3388	3388
420.5	416.82	3344	3344
420	416.8	3337	3337
419.5	415.7	3321	3321
419	415.69	3400	3400
418.5	414.39	3448	3448
418	414.39	3412	3412
417.5	414.4	3330	3330
417	413.26	3346	3346
416.5	413.29	3423	3423
416	412.03	3521	3521
415.5	412.01	3521	3521
415	410.88	4065	4065
414.5	410.87	3817	3817
414	410.86	3828	3828
413.5	409.61	4199	4199
413	409.61	4128	4128
412.5	408.45	4580	4580
412	408.48	4769	4769
411.5	408.47	4476	4476
411	407.18	5265	5265
410.5	407.21	5427	5427
410	406.05	5711	5711
409.5	406.03	5958	5958
409	406.06	5967	5967
408.5	404.73	5576	5576
408	404.71	5361	5361
407.5	403.57	4931	4931
407	403.56	4829	4829
406.5	403.55	4945	4945
406	402.32	4195	4195
405.5	402.32	4243	4243
405	401.15	3927	3927
404.5	401.16	3838	3838
404	399.88	3664	3664
403.5	399.87	3727	3727
403	399.88	3539	3539
402.5	398.68	3754	3754
402	398.69	3725	3725
401.5	397.44	3713	3713
401	397.45	3768	3768
400.5	397.45	3852	3852
400	396.29	3891	3891
399.5	396.29	3945	3945
399	395.04	3846	3846
398.5	395.04	3859	3859
398	395.04	3915	3915
397.5	393.87	4106	4106
397	393.87	3896	3896
396.5	392.58	3787	3787
396	392.58	4177	4177
395.5	391.42	4089	4089
395	391.42	4109	4109
394.5	391.42	4194	4194
394	390.17	4063	4063
393.5	390.19	4129	4129
393	388.98	4086	4086
392.5	388.99	4177	4177
392	388.99	4068	4068
391.5	387.73	4118	4118
391	387.73	3984	3984
390.5	386.55	4165	4165
390	386.53	4242	4242
389.5	386.54	4314	4314
389	385.27	4231	4231
388.5	385.26	4018	4018
388	384.09	4575	4575
387.5	384.11	4431	4431
387	384.1	4386	4386
386.5	382.88	4675	4675
386	382.86	4580	4580
385.5	381.72	4875	4875
385	381.71	4817	4817
384.5	380.46	5206	5206
384	380.48	5105	5105
383.5	380.47	5326	5326
383	379.32	5575	5575
382.5	379.29	5531	5531
382	378.05	5486	5486
381.5	378.07	5568	5568
381	378.06	5405	5405
380.5	376.88	5046	5046
380	376.91	5058	5058
379.5	375.63	4838	4838
379	375.61	4989	4989
378.5	375.63	5000	5000
378	374.48	4670	4670
377.5	374.49	4687	4687
377	373.24	4506	4506
376.5	373.24	4591	4591
376	373.24	4698	4698
375.5	372.09	4610	4610
375	372.1	4561	4561
374.5	370.85	4375	4375
374	370.86	4540	4540
373.5	369.68	4363	4363
373	369.69	4254	4254
372.5	369.69	4412	4412
372	368.46	4475	4475
371.5	368.46	4486	4486
371	367.27	4647	4647
370.5	367.28	4471	4471
370	367.27	4515	4515
369.5	366.02	4601	4601
369	366.02	4451	4451
368.5	364.85	4385	4385
368	364.85	4556	4556
367.5	364.85	4489	4489
367	363.62	4378	4378
366.5	363.63	4754	4754
366	362.46	4512	4512
365.5	362.45	4528	4528
365	362.45	4535	4535
364.5	361.2	4512	4512
364	361.19	4613	4613
363.5	360.01	4527	4527
363	360	4472	4472
362.5	358.78	4406	4406
362	358.8	4557	4557
361.5	358.81	4409	4409
361	357.61	4585	4585
360.5	357.61	4492	4492
360	356.4	4502	4502
359.5	356.39	4634	4634
359	356.41	4667	4667
358.5	355.21	4529	4529
358	355.2	4506	4506
357.5	354	4674	4674
357	354	4687	4687
356.5	353.98	4606	4606
356	352.79	4529	4529
355.5	352.8	4596	4596
355	351.6	4481	4481
354.5	351.6	4494	4494
354	351.6	4465	4465
353.5	350.37	4504	4504
353	350.36	4435	4435
352.5	349.19	4450	4450
352	349.17	4447	4447
351.5	347.96	4504	4504
351	347.97	4511	4511
350.5	347.95	4582	4582
350	346.75	4553	4553
349.5	346.76	4635	4635
349	345.51	4641	4641
348.5	345.53	4527	4527
348	345.54	4457	4457
347.5	344.36	4509	4509
347	344.35	4504	4504
346.5	343.14	4416	4416
346	343.14	4552	4552
345.5	343.13	4489	4489
345	341.94	4448	4448
344.5	341.9	4519	4519
344	340.71	4728	4728
343.5	340.7	4532	4532
343	339.52	4812	4812
342.5	339.55	4531	4531
342	339.56	4659	4659
341.5	338.3	4445	4445
341	338.32	4608	4608
340.5	337.15	4558	4558
340	337.13	4545	4545
339.5	337.14	4670	4670
339	335.89	4579	4579
338.5	335.88	4597	4597
338	334.74	4634	4634
337.5	334.74	4731	4731
337	334.73	4610	4610
336.5	333.52	4486	4486
336	333.51	4679	4679
335.5	332.36	4378	4378
335	332.38	4563	4563
334.5	332.36	4654	4654
334	331.1	4486	4486
333.5	331.11	4508	4508
333	329.95	4608	4608
332.5	329.94	4585	4585
332	328.72	4418	4418
331.5	328.69	4796	4796
331	328.71	4581	4581
330.5	327.51	4615	4615
330	327.5	4554	4554
329.5	326.21	4655	4655
329	326.22	4517	4517
328.5	326.2	4508	4508
328	325.04	4724	4724
327.5	325.04	4610	4610
327	323.79	4531	4531
326.5	323.8	4738	4738
326	323.81	4712	4712
325.5	322.62	4507	4507
325	322.62	4653	4653
324.5	321.33	4526	4526
324	321.32	4546	4546
323.5	321.32	4586	4586
323	320.14	4476	4476
322.5	320.13	4753	4753
322	318.91	4613	4613
321.5	318.89	4669	4669
321	317.73	4653	4653
320.5	317.74	4606	4606
320	317.75	4666	4666
319.5	316.49	4650	4650
319	316.49	4567	4567
318.5	315.31	4517	4517
318	315.33	4744	4744
317.5	315.31	4649	4649
317	314.04	4767	4767
316.5	314.04	4633	4633
316	312.86	4606	4606
315.5	312.86	4509	4509
315	312.84	4567	4567
314.5	311.6	4721	4721
314	311.59	4744	4744
313.5	310.4	4568	4568
313	310.4	4595	4595
312.5	310.42	4636	4636
312	309.1	4666	4666
311.5	309.11	4613	4613
311	307.9	4597	4597
310.5	307.91	4573	4573
310	306.63	4652	4652
309.5	306.63	4709	4709
309	306.63	4669	4669
308.5	305.48	4561	4561
308	305.46	4684	4684
307.5	304.24	4731	4731
307	304.23	4634	4634
306.5	304.24	4644	4644
306	303.06	4684	4684
305.5	303.07	4702	4702
305	301.82	4633	4633
304.5	301.83	4598	4598
304	301.81	4719	4719
303.5	300.68	4753	4753
303	300.67	4672	4672
302.5	299.44	4629	4629
302	299.44	4423	4423
301.5	298.26	4767	4767
301	298.26	4656	4656
300.5	298.26	4512	4512
300	297.01	4630	4630
299.5	297.01	4728	4728
299	295.87	4564	4564
298.5	295.87	4589	4589
298	295.87	4725	4725
297.5	294.64	4650	4650
297	294.64	4623	4623
296.5	293.48	4594	4594
296	293.49	4649	4649
295.5	293.5	4767	4767
295	292.23	4651	4651
294.5	292.23	4650	4650
294	291.07	4636	4636
293.5	291.06	4517	4517
293	291.06	4525	4525
292.5	289.82	4681	4681
292	289.82	4649	4649
291.5	288.65	4553	4553
291	288.65	4613	4613
290.5	287.39	4647	4647
290	287.41	4593	4593
289.5	287.38	4585	4585
289	286.22	4759	4759
288.5	286.25	4802	4802
288	284.99	4685	4685
287.5	284.99	4527	4527
287	285.01	4690	4690
286.5	283.86	4668	4668
286	283.85	4530	4530
285.5	282.59	4763	4763
285	282.56	4696	4696
284.5	282.57	4688	4688
284	281.47	4753	4753
283.5	281.45	4683	4683
283	280.17	4751	4751
282.5	280.19	4678	4678
282	280.21	4594	4594
281.5	279.05	4697	4697
281	279.07	4704	4704
280.5	277.78	4852	4852
280	277.77	4872	4872
279.5	276.66	4737	4737
279	276.66	4652	4652
278.5	276.65	4859	4859
278	275.37	4760	4760
277.5	275.36	4746	4746
277	274.24	4705	4705
276.5	274.25	4750	4750
276	274.28	4848	4848
275.5	272.93	4950	4950
275	272.96	4634	4634
274.5	271.82	4822	4822
274	271.8	4902	4902
273.5	271.82	4871	4871
273	270.57	4665	4665
272.5	270.53	4787	4787
272	269.41	5054	5054
271.5	269.4	4804	4804
271	269.4	4748	4748
270.5	268.11	4868	4868
270	268.12	4914	4914
269.5	266.97	4933	4933
269	266.98	4873	4873
268.5	265.74	4917	4917
268	265.73	4831	4831
267.5	265.73	4786	4786
267	264.59	4935	4935
266.5	264.58	5048	5048
266	263.31	4950	4950
265.5	263.31	5016	5016
265	263.32	4913	4913
264.5	262.17	4974	4974
264	262.16	4976	4976
263.5	260.93	5006	5006
263	260.93	4932	4932
262.5	260.93	5055	5055
262	259.76	4821	4821
261.5	259.77	4861	4861
261	258.53	4844	4844
260.5	258.5	4942	4942
260	257.35	4965	4965
259.5	257.34	5043	5043
259	257.32	4877	4877
258.5	256.14	5099	5099
258	256.13	4997	4997
257.5	254.98	5008	5008
257	254.99	5125	5125
256.5	254.97	4954	4954
256	253.72	4695	4695
255.5	253.71	4903	4903
255	252.55	4889	4889
254.5	252.54	4905	4905
254	252.55	5095	5095
253.5	251.35	5104	5104
253	251.34	5108	5108
252.5	250.15	5002	5002
252	250.15	5005	5005
251.5	250.15	4964	4964
251	248.86	4965	4965
250.5	248.88	4869	4869
250	247.68	4913	4913
249.5	247.66	5018	5018
249	246.44	5116	5116
248.5	246.43	5021	5021
248	246.43	5280	5280
247.5	245.25	5153	5153
247	245.25	5105	5105
246.5	244.02	5042	5042
246	244.01	5103	5103
245.5	244.02	5306	5306
245	242.77	4928	4928
244.5	242.79	5057	5057
244	241.58	5127	5127
243.5	241.56	5120	5120
243	241.59	5045	5045
242.5	240.41	5024	5024
242	240.39	5124	5124
241.5	239.18	5184	5184
241	239.18	5093	5093
240.5	239.16	5259	5259
240	237.98	5161	5161
239.5	237.96	5056	5056
239	236.73	5289	5289
238.5	236.73	5081	5081
238	235.56	5058	5058
237.5	235.56	5182	5182
237	235.56	5098	5098
236.5	234.33	5186	5186
236	234.31	4995	4995
235.5	233.09	4950	4950
235	233.11	5177	5177
234.5	233.09	5180	5180
234	231.88	5250	5250
233.5	231.9	5300	5300
233	230.64	5236	5236
232.5	230.63	5065	5065
232	230.65	5255	5255
231.5	229.4	5385	5385
231	229.4	5165	5165
230.5	228.22	5175	5175
230	228.19	5269	5269
229.5	228.18	5232	5232
229	227	5213	5213
228.5	227	5325	5325
228	225.79	5178	5178
227.5	225.8	5248	5248
227	224.59	5294	5294
226.5	224.58	5394	5394
226	224.6	5346	5346
225.5	223.39	5635	5635
225	223.38	5356	5356
224.5	222.22	5424	5424
224	222.21	5475	5475
223.5	222.19	5285	5285
223	221	5237	5237
222.5	220.98	5176	5176
222	219.79	5529	5529
221.5	219.8	5317	5317
221	219.79	5514	5514
220.5	218.57	5348	5348
220	218.59	5492	5492
219.5	217.4	5370	5370
219	217.4	5478	5478
218.5	216.22	5499	5499
218	216.21	5544	5544
217.5	216.21	5411	5411
217	215.02	5531	5531
216.5	215.02	5471	5471
216	213.78	5391	5391
215.5	213.78	5577	5577
215	213.78	5384	5384
214.5	212.62	5329	5329
214	212.62	5408	5408
213.5	211.37	5514	5514
213	211.36	5375	5375
212.5	211.38	5434	5434
212	210.18	5417	5417
211.5	210.17	5536	5536
211	208.94	5579	5579
210.5	208.93	5677	5677
210	208.93	5415	5415
209.5	207.8	5614	5614
209	207.78	5425	5425
208.5	206.52	5353	5353
208	206.54	5492	5492
207.5	205.36	5736	5736
207	205.35	5510	5510
206.5	205.36	5645	5645
206	204.1	5367	5367
205.5	204.1	5572	5572
205	202.96	5685	5685
204.5	202.94	5636	5636
204	202.94	5579	5579
203.5	201.71	5610	5610
203	201.71	5555	5555
202.5	200.54	5796	5796
202	200.56	5753	5753
201.5	200.55	5511	5511
201	199.28	5442	5442
200.5	199.3	5593	5593
200	198.14	5785	5785
199.5	198.14	5612	5612
199	198.16	5672	5672
198.5	196.92	5721	5721
198	196.91	5722	5722
197.5	195.76	5923	5923
197	195.75	5660	5660
196.5	194.5	5650	5650
196	194.5	5839	5839
195.5	194.49	5785	5785
195	193.31	5586	5586
194.5	193.35	5699	5699
194	192.08	5746	5746
193.5	192.05	5833	5833
193	192.06	5816	5816
192.5	190.89	5869	5869
192	190.9	5694	5694
191.5	189.63	5813	5813
191	189.62	5974	5974
190.5	189.62	5842	5842
190	188.48	5730	5730
189.5	188.48	5738	5738
189	187.23	6066	6066
188.5	187.23	6002	6002
188	187.23	5934	5934
187.5	186.09	5833	5833
187	186.08	5877	5877
186.5	184.81	5917	5917
186	184.81	6073	6073
185.5	183.68	5927	5927
185	183.68	6097	6097
184.5	183.69	6004	6004
184	182.41	6043	6043
183.5	182.41	5991	5991
183	181.28	6184	6184
182.5	181.29	6119	6119
182	181.29	6101	6101
181.5	180.01	6034	6034
181	180.02	5955	5955
180.5	178.85	6215	6215
180	178.86	5858	5858
179.5	178.9	5993	5993
179	177.65	6153	6153
178.5	177.65	6242	6242
178	176.51	6217	6217
177.5	176.5	6077	6077
177	176.5	6037	6037
176.5	175.22	6289	6289
176	175.21	6062	6062
175.5	174.06	6107	6107
175	174.07	6102	6102
174.5	172.8	6354	6354
174	172.81	6372	6372
173.5	172.81	6277	6277
173	171.7	6232	6232
172.5	171.7	6409	6409
172	170.56	6504	6504
171.5	170.55	6384	6384
171	170.56	6347	6347
170.5	169.41	6114	6114
170	169.42	6393	6393
169.5	168.24	6387	6387
169	168.24	6331	6331
168.5	168.22	6363	6363
168	167.12	6334	6334
167.5	167.12	6300	6300
167	165.93	6351	6351
166.5	165.93	6447	6447
166	164.84	6326	6326
165.5	164.84	6312	6312
165	164.83	6383	6383
164.5	163.65	6382	6382
164	163.65	6497	6497
163.5	162.46	6662	6662
163	162.46	6518	6518
162.5	162.46	6589	6589
162	161.27	6626	6626
161.5	161.26	6616	6616
161	160.03	6212	6212
160.5	160.05	6449	6449
160	160.05	6635	6635
159.5	158.85	6675	6675
159	158.86	6605	6605
158.5	157.66	6769	6769
158	157.63	6749	6749
157.5	157.64	6554	6554
157	156.41	6767	6767
156.5	156.4	6700	6700
156	155.17	6955	6955
155.5	155.17	6695	6695
155	153.95	6949	6949
154.5	153.95	7099	7099
154	153.96	6877	6877
153.5	152.69	6767	6767
153	152.69	6790	6790
152.5	151.52	7144	7144
152	151.48	6848	6848
151.5	151.47	6874	6874
151	150.24	6901	6901
150.5	150.23	7100	7100
150	149.05	7062	7062
149.5	149.06	7295	7295
149	149.05	7075	7075
148.5	147.83	7259	7259
148	147.85	7235	7235
147.5	146.65	7493	7493
147	146.66	7390	7390
146.5	146.67	7433	7433
146	145.42	7520	7520
145.5	145.41	7498	7498
145	144.26	7882	7882
144.5	144.25	7585	7585
144	143.02	7666	7666
143.5	143.03	7788	7788
143	143.02	7761	7761
142.5	141.84	7953	7953
142	141.86	7881	7881
141.5	140.61	8127	8127
141	140.59	8042	8042
140.5	140.59	8236	8236
140	139.48	8326	8326
139.5	139.46	8108	8108
139	138.24	8580	8580
138.5	138.23	8223	8223
138	138.23	8193	8193
137.5	137.09	8852	8852
137	137.09	8772	8772
136.5	135.81	8711	8711
136	135.8	8948	8948
135.5	135.8	8915	8915
135	134.66	8898	8898
134.5	134.66	8942	8942
134	133.39	9503	9503
133.5	133.38	9131	9131
133	132.26	9759	9759
132.5	132.27	9500	9500
132	132.26	9831	9831
131.5	130.96	9853	9853
131	130.95	9865	9865
130.5	129.79	10400	10400
130	129.81	10116	10116
