Scans: 7	Points: 267	time: 333.000000
Energy(calc)	Energy(meas)	Sum	Scan1	Scan2	Scan3	Scan4	Scan5	Scan6	Scan7
710	708.02	10019	1354	1471	1502	1486	1371	1437	1398
709.7	707.74	9844	1329	1475	1418	1509	1312	1384	1417
709.4	707.41	9674	1266	1377	1431	1410	1389	1424	1377
709.1	707.11	9761	1262	1391	1467	1474	1412	1384	1371
708.8	706.86	9631	1271	1419	1319	1476	1381	1375	1390
708.5	706.54	9530	1316	1482	1355	1399	1398	1320	1260
708.2	706.26	9645	1350	1386	1470	1318	1374	1372	1375
707.9	705.96	9526	1240	1287	1408	1420	1353	1447	1371
707.6	705.61	9782	1310	1352	1475	1448	1435	1416	1346
707.3	705.35	9536	1265	1356	1380	1384	1396	1403	1352
707	705.05	9710	1352	1364	1427	1459	1337	1403	1368
706.7	704.74	9606	1408	1318	1390	1425	1400	1342	1323
706.4	704.48	9638	1361	1394	1422	1330	1347	1365	1419
706.1	704.18	9687	1250	1468	1342	1385	1420	1416	1406
705.81	703.84	9651	1261	1452	1408	1398	1444	1330	1358
705.51	703.57	9688	1376	1396	1365	1317	1434	1437	1363
705.21	703.23	9713	1285	1447	1386	1407	1402	1397	1389
704.91	702.89	9638	1342	1432	1329	1445	1427	1356	1307
704.61	702.61	9757	1348	1424	1495	1391	1432	1330	1337
704.31	702.28	9671	1292	1433	1401	1452	1430	1320	1343
704.01	702.03	9857	1333	1454	1474	1391	1388	1439	1378
703.71	701.79	9665	1336	1362	1407	1468	1389	1307	1396
703.41	701.46	9750	1391	1417	1347	1383	1478	1317	1417
703.11	701.16	9693	1338	1388	1369	1442	1389	1440	1327
702.81	700.88	9799	1388	1351	1416	1437	1396	1388	1423
702.51	700.52	9813	1418	1417	1437	1360	1409	1379	1393
702.21	700.19	9543	1346	1394	1348	1349	1405	1384	1317
701.91	699.91	9679	1308	1392	1394	1377	1370	1395	1443
701.61	699.58	9757	1291	1434	1381	1428	1381	1441	1401
701.31	699.29	9668	1258	1373	1307	1555	1399	1421	1355
701.01	699.03	9791	1337	1391	1484	1425	1338	1415	1401
700.71	698.77	9760	1393	1342	1404	1452	1370	1464	1335
700.41	698.44	9813	1387	1464	1469	1454	1368	1334	1337
700.11	698.13	9803	1319	1480	1401	1369	1444	1409	1381
699.81	697.81	9872	1380	1380	1400	1445	1477	1314	1476
699.51	697.49	9857	1331	1478	1435	1405	1458	1441	1309
699.21	697.23	10075	1399	1446	1450	1423	1458	1424	1475
698.91	696.9	9818	1341	1534	1463	1490	1377	1252	1361
698.61	696.65	9799	1397	1432	1324	1462	1412	1429	1343
698.31	696.36	9650	1357	1424	1387	1428	1305	1436	1313
698.01	696	9687	1286	1460	1425	1458	1378	1355	1325
697.72	695.71	9629	1300	1397	1390	1448	1350	1436	1308
697.42	695.48	9819	1369	1473	1325	1472	1373	1469	1338
697.12	695.14	9673	1356	1315	1387	1411	1370	1380	1454
696.82	694.87	9844	1453	1442	1420	1393	1327	1383	1426
696.52	694.57	9925	1426	1410	1480	1371	1407	1437	1394
696.22	694.27	9816	1422	1341	1403	1416	1403	1402	1429
695.92	694.01	9771	1334	1387	1437	1433	1367	1407	1406
695.62	693.66	10034	1368	1445	1494	1473	1402	1475	1377
695.32	693.36	9965	1377	1440	1396	1427	1465	1343	1517
695.02	693.05	10060	1459	1503	1435	1417	1547	1351	1348
694.72	692.71	9909	1383	1501	1469	1390	1381	1379	1406
694.42	692.43	10068	1477	1375	1312	1503	1440	1457	1504
694.12	692.24	10254	1446	1487	1468	1551	1416	1438	1448
693.82	691.93	10187	1453	1525	1423	1501	1486	1438	1361
693.52	691.65	10009	1408	1377	1432	1485	1379	1446	1482
693.22	691.38	9879	1349	1420	1405	1392	1440	1407	1466
692.92	691.04	10109	1449	1439	1470	1549	1382	1385	1435
692.62	690.73	9989	1373	1494	1504	1326	1450	1449	1393
692.32	690.41	9976	1424	1424	1456	1460	1419	1383	1410
692.02	690.07	9897	1336	1454	1425	1511	1411	1398	1362
691.72	689.81	9792	1430	1388	1386	1385	1460	1424	1319
691.42	689.55	9891	1408	1454	1431	1509	1348	1392	1349
691.12	689.27	9800	1424	1451	1393	1439	1378	1330	1385
690.82	689.01	9985	1454	1415	1434	1386	1487	1415	1394
690.52	688.68	9785	1367	1457	1362	1413	1341	1394	1451
690.22	688.35	9972	1459	1380	1496	1451	1409	1391	1386
689.93	688.07	10085	1472	1498	1450	1453	1378	1396	1438
689.63	687.76	9839	1399	1472	1423	1416	1411	1368	1350
689.33	687.45	10129	1388	1487	1457	1465	1451	1467	1414
689.03	687.2	9942	1397	1433	1455	1412	1395	1431	1419
688.73	686.93	10079	1445	1419	1426	1476	1420	1470	1423
688.43	686.6	10211	1407	1470	1517	1423	1482	1440	1472
688.13	686.31	10216	1465	1503	1428	1470	1457	1441	1452
687.83	685.99	10348	1459	1458	1471	1575	1465	1483	1437
687.53	685.71	10292	1390	1524	1556	1508	1449	1379	1486
687.23	685.4	10657	1454	1597	1483	1551	1492	1487	1593
686.93	685.12	10450	1472	1579	1517	1498	1429	1530	1425
686.63	684.83	10949	1503	1593	1560	1556	1617	1575	1545
686.33	684.58	10999	1556	1636	1568	1559	1582	1511	1587
686.03	684.3	11291	1625	1544	1566	1644	1592	1667	1653
685.73	683.94	11420	1611	1688	1653	1622	1609	1621	1616
685.43	683.63	11587	1624	1693	1612	1647	1643	1684	1684
685.13	683.31	11627	1738	1669	1712	1686	1617	1613	1592
684.83	682.96	11523	1561	1754	1658	1628	1621	1655	1646
684.53	682.69	11416	1644	1745	1615	1579	1548	1661	1624
684.23	682.48	11085	1487	1640	1647	1631	1519	1553	1608
683.93	682.17	11291	1540	1638	1632	1645	1581	1597	1658
683.63	681.92	10762	1564	1607	1521	1521	1506	1530	1513
683.33	681.64	10749	1582	1626	1473	1552	1512	1511	1493
683.03	681.29	10550	1406	1511	1558	1539	1575	1499	1462
682.73	680.98	10502	1543	1553	1468	1430	1455	1624	1429
682.43	680.67	10400	1438	1542	1523	1533	1429	1482	1453
682.13	680.33	10544	1434	1557	1570	1556	1510	1513	1404
681.84	680.06	10585	1440	1579	1565	1477	1482	1588	1454
681.54	679.81	10297	1469	1441	1511	1430	1410	1517	1519
681.24	679.48	10117	1423	1469	1534	1491	1370	1410	1420
680.94	679.28	10082	1449	1476	1505	1515	1387	1425	1325
680.64	678.97	10262	1454	1537	1494	1491	1405	1424	1457
680.34	678.6	10224	1512	1511	1439	1490	1394	1437	1441
680.04	678.31	10351	1455	1492	1461	1413	1550	1532	1448
679.74	677.99	10368	1519	1511	1467	1553	1427	1387	1504
679.44	677.68	10254	1461	1423	1489	1462	1436	1494	1489
679.14	677.44	10099	1418	1495	1468	1455	1424	1415	1424
678.84	677.13	10209	1487	1445	1531	1452	1454	1391	1449
678.54	676.84	9979	1478	1489	1413	1320	1455	1401	1423
678.24	676.54	10093	1422	1453	1445	1463	1429	1464	1417
677.94	676.2	10194	1461	1560	1453	1438	1500	1349	1433
677.64	675.94	10058	1375	1512	1434	1540	1452	1363	1382
677.34	675.66	9936	1407	1389	1420	1484	1421	1374	1441
677.04	675.34	10343	1515	1483	1548	1447	1481	1447	1422
676.74	675.06	10204	1433	1505	1490	1454	1504	1382	1436
676.44	674.83	10207	1436	1458	1453	1467	1449	1493	1451
676.14	674.51	10140	1389	1402	1516	1435	1417	1506	1475
675.84	674.21	10203	1536	1460	1445	1446	1429	1439	1448
675.54	673.9	10268	1468	1522	1547	1444	1415	1399	1473
675.24	673.53	10250	1585	1458	1496	1471	1387	1366	1487
674.94	673.22	10224	1440	1486	1454	1510	1329	1495	1510
674.64	672.94	10284	1504	1536	1511	1470	1401	1456	1406
674.34	672.7	10267	1452	1420	1502	1455	1412	1459	1567
674.04	672.45	10069	1456	1476	1375	1513	1488	1434	1327
673.75	672.18	10303	1393	1494	1538	1451	1491	1483	1453
673.45	671.85	10070	1456	1441	1506	1455	1365	1380	1467
673.15	671.55	10274	1541	1567	1493	1498	1460	1359	1356
672.85	671.22	10118	1528	1443	1427	1437	1422	1388	1473
672.55	670.9	10170	1506	1426	1595	1445	1360	1405	1433
672.25	670.6	10138	1463	1443	1444	1425	1451	1481	1431
671.95	670.32	10378	1461	1512	1492	1501	1497	1440	1475
671.65	670.01	9930	1394	1445	1496	1436	1436	1316	1407
671.35	669.77	10115	1418	1466	1368	1473	1461	1452	1477
671.05	669.53	10234	1527	1451	1542	1501	1421	1383	1409
670.75	669.2	10221	1399	1642	1493	1383	1363	1421	1520
670.45	668.91	9944	1473	1482	1355	1468	1430	1393	1343
670.15	668.57	10199	1474	1541	1485	1494	1444	1358	1403
669.85	668.25	10246	1495	1432	1509	1509	1457	1404	1440
669.55	667.97	10015	1434	1430	1472	1431	1386	1415	1447
669.25	667.7	10343	1630	1499	1489	1444	1450	1396	1435
668.95	667.4	10236	1468	1573	1500	1512	1390	1438	1355
668.65	667.13	10288	1586	1465	1518	1498	1405	1397	1419
668.35	666.79	10201	1418	1512	1492	1476	1388	1416	1499
668.05	666.46	9914	1327	1457	1428	1458	1492	1331	1421
667.75	666.23	10264	1401	1510	1524	1427	1504	1454	1444
667.45	665.91	10296	1539	1444	1498	1432	1522	1434	1427
667.15	665.58	10378	1426	1470	1467	1583	1379	1527	1526
666.85	665.32	10048	1439	1527	1486	1431	1399	1378	1388
666.55	665.09	10356	1539	1512	1446	1468	1461	1456	1474
666.25	664.76	10181	1488	1451	1390	1492	1393	1507	1460
665.96	664.46	10322	1532	1460	1422	1520	1490	1446	1452
665.66	664.16	10469	1504	1540	1493	1591	1469	1442	1430
665.36	663.81	10326	1512	1530	1452	1535	1425	1436	1436
665.06	663.5	10260	1455	1535	1503	1470	1510	1402	1385
664.76	663.21	10376	1527	1448	1554	1468	1534	1353	1492
664.46	662.94	10446	1478	1491	1512	1518	1422	1452	1573
664.16	662.7	10370	1394	1486	1510	1539	1487	1394	1560
663.86	662.41	10233	1453	1469	1511	1444	1455	1453	1448
663.56	662.08	10224	1543	1422	1411	1543	1379	1527	1399
663.26	661.78	10350	1446	1527	1527	1412	1474	1491	1473
662.96	661.48	10529	1509	1540	1557	1441	1508	1475	1499
662.66	661.11	10468	1610	1495	1569	1515	1472	1443	1364
662.36	660.83	10516	1596	1572	1439	1546	1494	1462	1407
662.06	660.54	10293	1449	1526	1476	1503	1464	1458	1417
661.76	660.24	10329	1458	1418	1549	1556	1413	1489	1446
661.46	659.98	10152	1471	1442	1463	1396	1489	1439	1452
661.16	659.73	10482	1419	1514	1446	1520	1520	1553	1510
660.86	659.4	10146	1496	1464	1496	1439	1385	1372	1494
660.56	659.1	10388	1513	1590	1515	1508	1421	1423	1418
660.26	658.76	10442	1503	1484	1567	1474	1467	1512	1435
659.96	658.43	10602	1598	1539	1539	1549	1449	1481	1447
659.66	658.18	10218	1445	1488	1427	1503	1470	1419	1466
659.36	657.88	10461	1516	1551	1527	1498	1455	1423	1491
659.06	657.61	10477	1490	1453	1539	1546	1475	1474	1500
658.76	657.33	10354	1488	1518	1525	1471	1520	1370	1462
658.46	656.99	10516	1580	1557	1480	1440	1521	1462	1476
658.16	656.69	10309	1430	1516	1462	1495	1455	1535	1416
657.87	656.46	10201	1419	1573	1470	1443	1459	1392	1445
657.57	656.12	10428	1468	1501	1483	1567	1438	1528	1443
657.27	655.83	10480	1540	1533	1487	1512	1491	1451	1466
656.97	655.57	10595	1533	1507	1523	1514	1523	1516	1479
656.67	655.25	10606	1607	1472	1558	1553	1455	1504	1457
656.37	654.98	10708	1580	1520	1582	1519	1490	1468	1549
656.07	654.69	10771	1506	1637	1518	1557	1429	1528	1596
655.77	654.33	10397	1450	1448	1555	1436	1572	1486	1450
655.47	654.03	10909	1500	1570	1586	1618	1584	1471	1580
655.17	653.71	10923	1533	1649	1531	1618	1531	1502	1559
654.87	653.38	11032	1558	1613	1550	1655	1623	1518	1515
654.57	653.2	11001	1526	1695	1565	1488	1624	1542	1561
654.27	652.91	11205	1640	1626	1589	1606	1485	1585	1674
653.97	652.6	11137	1640	1656	1549	1541	1613	1565	1573
653.67	652.34	10812	1556	1567	1557	1602	1587	1593	1350
653.37	652.02	11029	1569	1641	1522	1530	1602	1553	1612
653.07	651.68	10804	1479	1549	1611	1636	1564	1510	1455
652.77	651.4	10974	1550	1609	1640	1604	1530	1479	1562
652.47	651.08	10817	1598	1598	1529	1570	1496	1497	1529
652.17	650.78	10657	1573	1505	1586	1525	1482	1519	1467
651.87	650.52	10681	1594	1603	1480	1500	1534	1456	1514
651.57	650.25	10579	1486	1656	1526	1455	1571	1483	1402
651.27	649.97	10268	1530	1448	1618	1439	1364	1369	1500
650.97	649.68	10251	1458	1503	1451	1471	1510	1439	1419
650.67	649.35	10687	1569	1612	1466	1546	1508	1511	1475
650.37	649.02	10708	1511	1616	1515	1545	1503	1489	1529
650.07	648.74	10366	1625	1452	1508	1498	1350	1436	1497
649.78	648.44	10523	1501	1489	1535	1572	1448	1549	1429
649.48	648.14	10473	1481	1500	1503	1530	1513	1500	1446
649.18	647.89	10459	1536	1571	1539	1508	1466	1468	1371
648.88	647.59	10409	1562	1496	1544	1451	1445	1365	1546
648.58	647.24	10411	1523	1492	1431	1477	1471	1483	1534
648.28	646.95	10276	1477	1511	1471	1479	1470	1403	1465
647.98	646.71	10421	1486	1571	1496	1477	1513	1500	1378
647.68	646.38	10695	1497	1606	1574	1464	1451	1527	1576
647.38	646.09	10309	1464	1565	1479	1518	1495	1449	1339
647.08	645.82	10469	1522	1506	1612	1432	1472	1452	1473
646.78	645.5	10556	1548	1622	1529	1489	1428	1424	1516
646.48	645.24	10586	1575	1531	1548	1447	1525	1544	1416
646.18	644.92	10347	1459	1565	1535	1540	1449	1381	1418
645.88	644.59	10335	1462	1457	1560	1476	1476	1417	1487
645.58	644.31	10271	1544	1464	1485	1421	1493	1510	1354
645.28	643.98	10308	1549	1484	1460	1493	1431	1437	1454
644.98	643.65	10256	1453	1553	1492	1395	1484	1444	1435
644.68	643.45	10487	1489	1492	1540	1499	1504	1457	1506
644.38	643.17	10581	1540	1573	1498	1563	1470	1531	1406
644.08	642.85	10366	1487	1539	1441	1512	1485	1452	1450
643.78	642.57	10207	1559	1465	1468	1496	1418	1321	1480
643.48	642.27	10299	1486	1516	1536	1475	1457	1336	1493
643.18	641.95	10508	1437	1519	1481	1500	1606	1459	1506
642.88	641.65	10410	1542	1472	1492	1499	1497	1489	1419
642.58	641.34	10377	1491	1571	1476	1434	1469	1461	1475
642.28	641.03	10322	1498	1489	1569	1518	1452	1405	1391
641.99	640.79	10522	1529	1470	1499	1585	1512	1462	1465
641.69	640.5	10366	1475	1492	1516	1535	1412	1437	1499
641.39	640.24	10312	1528	1482	1513	1399	1508	1439	1443
641.09	639.99	10540	1574	1516	1468	1559	1543	1396	1484
640.79	639.67	10410	1505	1481	1444	1518	1534	1476	1452
640.49	639.33	10311	1537	1541	1405	1489	1441	1463	1435
640.19	639.06	10514	1589	1525	1590	1426	1472	1527	1385
639.89	638.77	10597	1519	1620	1552	1473	1500	1452	1481
639.59	638.48	10532	1531	1519	1530	1486	1607	1468	1391
639.29	638.21	10590	1582	1572	1515	1488	1476	1456	1501
638.99	637.93	10689	1527	1555	1565	1560	1469	1497	1516
638.69	637.6	10518	1535	1556	1513	1486	1484	1469	1475
638.39	637.31	10561	1529	1527	1507	1532	1528	1450	1488
638.09	637.07	10435	1455	1565	1551	1479	1445	1495	1445
637.79	636.74	10557	1502	1587	1597	1394	1489	1590	1398
637.49	636.46	10429	1551	1530	1536	1496	1474	1415	1427
637.19	636.17	10379	1517	1499	1530	1505	1483	1431	1414
636.89	635.89	10013	1454	1447	1468	1462	1393	1396	1393
636.59	635.64	10674	1506	1555	1508	1516	1581	1487	1521
636.29	635.33	10448	1503	1498	1591	1519	1482	1442	1413
635.99	635	10475	1448	1536	1516	1530	1541	1445	1459
635.69	634.74	10666	1516	1541	1536	1601	1479	1478	1515
635.39	634.43	10482	1469	1468	1526	1491	1530	1533	1465
635.09	634.12	10531	1529	1495	1574	1536	1500	1479	1418
634.79	633.91	10278	1515	1593	1542	1418	1426	1404	1380
634.49	633.63	10242	1500	1586	1455	1519	1328	1331	1523
634.19	633.32	10451	1520	1552	1512	1441	1557	1421	1448
633.9	633.07	10374	1478	1504	1486	1535	1488	1418	1465
633.6	632.77	10554	1490	1687	1536	1455	1509	1414	1463
633.3	632.42	10375	1530	1486	1533	1480	1480	1420	1446
633	632.12	10459	1488	1556	1592	1421	1505	1509	1388
632.7	631.81	10488	1447	1545	1592	1527	1518	1372	1487
632.4	631.5	10392	1484	1523	1559	1456	1424	1511	1435
632.1	631.23	10558	1501	1444	1632	1427	1584	1509	1461
631.8	630.96	10270	1411	1660	1461	1418	1429	1425	1466
631.5	630.71	10570	1573	1501	1534	1469	1487	1540	1466
631.2	630.43	10505	1512	1522	1598	1552	1421	1409	1491
630.9	630.12	10433	1533	1525	1568	1485	1486	1416	1420
630.6	629.78	10333	1470	1519	1552	1482	1492	1467	1351
630.3	629.48	10443	1447	1530	1608	1498	1520	1446	1394
630	629.18	10600	1492	1564	1578	1584	1458	1515	1409
