9.900000 -1.075324 0.002498 -1.174084 0.002491
9.900000 -1.075711 0.002314 -1.178487 0.002580
9.900000 -1.076329 0.003019 -1.179500 0.002425
12.200000 -1.085169 0.002389 -1.179564 0.002168
12.200000 -1.084960 0.002642 -1.183289 0.002449
12.200000 -1.077967 0.002425 -1.179468 0.002187
15.700000 -1.077793 0.002436 -1.163442 0.002726
15.700000 -1.082965 0.002816 -1.168803 0.002995
15.700000 -1.083485 0.002438 -1.168756 0.002312
17.900000 -1.082878 0.002677 -1.156608 0.002460
17.900000 -1.078737 0.002564 -1.153669 0.002316
17.900000 -1.081379 0.003058 -1.154256 0.002352
19.800000 -1.085715 0.003614 -1.149494 0.002833
19.800000 -1.084129 0.002595 -1.150376 0.002359
19.800000 -1.086912 0.002632 -1.147614 0.002513
20.900000 -1.091750 0.002282 -1.145502 0.003140
20.900000 -1.093406 0.002600 -1.146136 0.002246
20.900000 -1.090681 0.002290 -1.145124 0.003299
21.800000 -1.099113 0.003552 -1.142746 0.002503
21.800000 -1.097008 0.002447 -1.144301 0.002267
21.800000 -1.095854 0.003248 -1.144113 0.002264
22.300000 -1.105098 0.003685 -1.143384 0.002982
22.300000 -1.107318 0.002343 -1.141886 0.002688
22.300000 -1.105966 0.002445 -1.142048 0.002712
22.900000 -1.118203 0.003563 -1.146686 0.003571
22.900000 -1.122348 0.002432 -1.148765 0.002556
22.900000 -1.123519 0.002291 -1.150594 0.002548
23.400000 -1.124942 0.003004 -1.144157 0.002340
23.400000 -1.120155 0.002373 -1.141044 0.002570
23.400000 -1.122989 0.002443 -1.146048 0.002860
23.800000 -1.122922 0.002833 -1.141634 0.002488
23.800000 -1.124915 0.002631 -1.140214 0.002289
23.800000 -1.123287 0.002921 -1.143243 0.002693
24.300000 -1.135284 0.002202 -1.150056 0.002563
24.300000 -1.137026 0.002546 -1.150839 0.003030
24.300000 -1.133391 0.002270 -1.152117 0.002461
24.800000 -1.138637 0.002279 -1.150850 0.002515
24.800000 -1.138092 0.003390 -1.152014 0.002470
24.800000 -1.136314 0.002217 -1.147077 0.002122
25.400000 -1.176586 0.002370 -1.180183 0.002810
25.400000 -1.175612 0.002409 -1.180950 0.002841
25.400000 -1.173568 0.002254 -1.183871 0.002327
25.400000 -1.179296 0.002385 -1.184677 0.002256
25.800000 -1.139734 0.002393 -1.141786 0.002393
25.800000 -1.136906 0.002519 -1.144253 0.002264
25.800000 -1.138029 0.002372 -1.144480 0.002265
26.900000 -1.129098 0.002524 -1.131351 0.002347
26.900000 -1.132420 0.002528 -1.132776 0.002206
26.900000 -1.133893 0.002392 -1.134365 0.002392
28.900000 -1.153683 0.002817 -1.148616 0.002637
28.900000 -1.154127 0.002459 -1.145450 0.002192
28.900000 -1.152508 0.002542 -1.145863 0.003426
30.800000 -1.171123 0.002487 -1.158948 0.002290
30.800000 -1.169174 0.003319 -1.160678 0.003304
30.800000 -1.170902 0.002331 -1.159776 0.002464
32.800000 -1.179481 0.002787 -1.166217 0.003000
32.800000 -1.181810 0.002384 -1.167345 0.003682
32.800000 -1.177530 0.002345 -1.163428 0.002579
34.900000 -1.193333 0.002395 -1.176847 0.002405
34.900000 -1.193586 0.002422 -1.177701 0.002353
34.900000 -1.196031 0.002419 -1.178208 0.003411
