Scans: 7	Points: 167	time: 333.000000
Energy(calc)	Energy(meas)	Sum	Scan1	Scan2	Scan3	Scan4	Scan5	Scan6	Scan7
1500	1495.53	6228	864	887	885	938	880	933	841
1499.7	1495.26	6021	849	840	834	910	843	872	873
1499.4	1494.93	6001	884	876	851	873	873	753	891
1499.1	1494.68	6209	910	929	837	869	886	872	906
1498.8	1494.35	6171	921	839	884	903	883	883	858
1498.5	1494.03	6143	881	842	854	939	959	821	847
1498.2	1493.69	6015	877	868	836	870	875	884	805
1497.9	1493.34	6146	875	877	860	880	932	872	850
1497.6	1493.05	6056	965	880	891	838	805	854	823
1497.31	1492.81	6134	889	905	853	845	932	839	871
1497.01	1492.5	6107	886	891	851	901	830	882	866
1496.71	1492.17	6041	874	876	876	911	857	857	790
1496.41	1491.84	6146	817	962	835	883	914	888	847
1496.11	1491.51	5996	911	858	829	828	902	825	843
1495.81	1491.21	5923	845	881	866	870	832	809	820
1495.51	1490.9	6107	872	891	858	826	897	856	907
1495.21	1490.63	6078	892	878	867	959	799	859	824
1494.91	1490.37	6103	877	839	895	907	886	888	811
1494.61	1490.05	6111	914	882	885	902	891	854	783
1494.31	1489.81	5898	842	867	828	850	810	881	820
1494.01	1489.53	6085	850	860	850	849	878	886	912
1493.71	1489.18	6135	872	858	822	868	968	897	850
1493.41	1488.85	6023	835	868	824	924	860	892	820
1493.11	1488.63	5923	823	858	846	871	903	801	821
1492.81	1488.34	6101	901	909	927	864	869	807	824
1492.51	1488.04	5997	847	861	911	886	823	807	862
1492.22	1487.81	6093	848	873	828	896	898	896	854
1491.92	1487.47	5944	891	850	849	862	763	875	854
1491.62	1487.2	6067	827	972	860	940	828	814	826
1491.32	1486.84	6059	874	832	880	893	833	842	905
1491.02	1486.44	6082	881	892	891	896	849	872	801
1490.72	1486.14	5962	845	889	863	851	865	859	790
1490.42	1485.9	5969	933	871	824	900	824	847	770
1490.12	1485.58	6130	824	891	909	898	872	882	854
1489.82	1485.31	5932	816	877	887	887	835	831	799
1489.52	1485.08	6123	879	880	840	893	849	900	882
1489.22	1484.76	6140	906	871	926	871	818	849	899
1488.92	1484.43	6050	927	852	855	896	901	811	808
1488.62	1484.09	6022	892	863	933	860	814	858	802
1488.32	1483.79	5924	852	804	868	843	874	848	835
1488.02	1483.53	6258	833	923	942	891	925	884	860
1487.72	1483.23	6090	879	915	898	847	883	846	822
1487.43	1482.95	6127	916	885	863	876	823	911	853
1487.13	1482.69	6145	855	909	971	812	875	870	853
1486.83	1482.39	6201	932	907	836	923	945	771	887
1486.53	1482.1	5911	886	884	857	906	813	814	751
1486.23	1481.74	6097	877	867	866	875	893	869	850
1485.93	1481.43	6226	893	872	961	872	906	865	857
1485.63	1481.11	6008	867	843	920	855	817	840	866
1485.33	1480.82	5890	865	820	856	905	829	842	773
1485.03	1480.58	6089	812	929	847	921	855	902	823
1484.73	1480.34	6146	868	920	911	921	821	842	863
1484.43	1480.03	6181	938	890	907	847	865	900	834
1484.13	1479.74	5960	831	845	930	850	867	830	807
1483.83	1479.43	5971	859	861	881	870	827	829	844
1483.53	1479.1	6111	843	833	916	910	911	834	864
1483.23	1478.78	5972	857	814	824	842	852	927	856
1482.93	1478.49	6101	923	904	871	875	850	889	789
1482.63	1478.23	6134	880	845	908	836	877	900	888
1482.34	1477.93	6064	867	844	878	906	870	828	871
1482.04	1477.65	5914	862	875	886	850	810	839	792
1481.74	1477.32	6304	898	906	866	930	869	976	859
1481.44	1477	6110	845	903	905	950	847	860	800
1481.14	1476.69	6232	866	912	851	898	949	890	866
1480.84	1476.39	6211	918	904	857	885	882	829	936
1480.54	1476.09	6173	896	921	848	925	852	894	837
1480.24	1475.85	6344	880	915	931	900	963	900	855
1479.94	1475.56	6352	875	887	959	937	909	940	845
1479.64	1475.23	6322	926	865	839	940	931	948	873
1479.34	1474.95	6275	917	973	923	865	863	892	842
1479.04	1474.61	6232	966	919	903	894	792	864	894
1478.74	1474.31	6223	877	887	881	975	880	855	868
1478.44	1474.01	6313	875	943	908	921	882	909	875
1478.14	1473.75	6409	992	904	975	893	913	896	836
1477.84	1473.47	6306	886	895	926	932	835	905	927
1477.54	1473.18	6317	956	952	909	862	861	897	880
1477.25	1472.93	6167	853	898	920	879	854	886	877
1476.95	1472.6	6189	887	896	898	921	816	889	882
1476.65	1472.28	6180	848	971	911	892	808	889	861
1476.35	1471.97	6232	914	966	870	878	926	888	790
1476.05	1471.65	6025	886	905	858	862	836	853	825
1475.75	1471.36	6122	865	817	898	902	852	914	874
1475.45	1471.11	6322	927	903	941	920	868	872	891
1475.15	1470.83	6187	937	884	922	907	894	850	793
1474.85	1470.53	6176	845	850	944	947	886	880	824
1474.55	1470.25	6237	858	918	936	916	855	890	864
1474.25	1469.91	6028	875	842	879	844	827	927	834
1473.95	1469.63	6094	847	861	961	822	854	874	875
1473.65	1469.35	6439	958	933	901	995	884	877	891
1473.35	1469.07	6187	908	866	861	911	896	869	876
1473.05	1468.73	6154	857	878	945	851	878	871	874
1472.75	1468.47	6106	879	829	897	905	904	888	804
1472.46	1468.19	5999	927	863	908	903	819	757	822
1472.16	1467.85	6198	843	906	913	854	892	901	889
1471.86	1467.56	6196	824	922	918	892	877	843	920
1471.56	1467.22	6074	872	869	902	886	847	829	869
1471.26	1466.89	6135	901	873	810	873	897	912	869
1470.96	1466.56	6089	901	864	893	859	783	882	907
1470.66	1466.3	6174	927	876	887	920	856	867	841
1470.36	1466.1	6031	850	914	910	827	879	842	809
1470.06	1465.82	6074	917	864	905	885	766	835	902
1469.76	1465.54	6111	882	997	779	867	911	829	846
1469.46	1465.24	6351	929	938	903	921	891	848	921
1469.16	1464.88	6188	924	915	861	894	879	834	881
1468.86	1464.58	6182	921	837	891	847	938	886	862
1468.56	1464.26	6137	943	846	882	893	834	888	851
1468.26	1463.99	6303	879	927	884	888	959	887	879
1467.96	1463.73	6306	969	864	911	941	894	897	830
1467.66	1463.5	6200	906	905	933	831	901	904	820
1467.37	1463.27	5955	833	820	872	843	906	833	848
1467.07	1462.99	6092	945	865	888	856	852	822	864
1466.77	1462.67	6106	885	879	880	909	904	771	878
1466.47	1462.32	6085	851	903	896	900	899	827	809
1466.17	1462	6071	927	838	833	915	835	879	844
1465.87	1461.7	5959	859	842	887	907	837	829	798
1465.57	1461.41	6122	873	927	839	870	929	899	785
1465.27	1461.15	6170	891	923	819	912	855	884	886
1464.97	1460.89	6227	921	930	848	883	896	899	850
1464.67	1460.59	6140	949	893	896	888	841	863	810
1464.37	1460.3	6025	891	850	884	841	819	916	824
1464.07	1459.98	6074	954	872	906	868	880	784	810
1463.77	1459.64	6104	885	914	881	910	889	793	832
1463.47	1459.35	6147	908	848	853	935	869	890	844
1463.17	1459.1	6250	914	950	937	863	872	851	863
1462.87	1458.82	6113	905	863	869	835	850	913	878
1462.57	1458.56	6151	874	910	957	860	824	840	886
1462.28	1458.32	6150	891	899	884	870	894	859	853
1461.98	1458.04	5990	815	877	882	821	875	921	799
1461.68	1457.7	6355	939	887	887	916	959	891	876
1461.38	1457.36	6229	952	928	898	878	855	863	855
1461.08	1457.05	6436	913	909	884	958	956	916	900
1460.78	1456.71	6103	893	904	833	902	854	835	882
1460.48	1456.42	6149	856	906	922	916	852	830	867
1460.18	1456.2	6325	918	885	921	922	884	869	926
1459.88	1455.94	6215	882	870	885	994	908	889	787
1459.58	1455.62	6257	869	958	921	861	908	889	851
1459.28	1455.27	6385	968	903	915	905	869	911	914
1458.98	1454.95	6065	900	898	924	827	854	817	845
1458.68	1454.62	6010	820	934	884	772	881	849	870
1458.38	1454.29	6199	881	927	888	856	829	924	894
1458.08	1454.06	6272	860	954	908	917	869	916	848
1457.78	1453.78	6324	944	871	918	862	983	849	897
1457.49	1453.55	6298	902	923	888	880	860	896	949
1457.19	1453.27	6088	914	807	879	906	883	878	821
1456.89	1452.98	6129	877	939	867	866	860	859	861
1456.59	1452.66	6071	903	815	914	890	871	844	834
1456.29	1452.36	6223	880	912	866	898	860	903	904
1455.99	1452.03	5928	826	859	883	870	815	895	780
1455.69	1451.74	6284	937	871	980	877	891	899	829
1455.39	1451.5	6059	899	868	892	870	855	824	851
1455.09	1451.21	6035	841	901	882	838	829	832	912
1454.79	1450.95	6084	933	905	841	870	854	854	827
1454.49	1450.68	6065	856	844	887	901	853	830	894
1454.19	1450.37	6184	871	836	925	869	929	870	884
1453.89	1449.99	6228	870	836	960	937	875	892	858
1453.59	1449.66	6163	875	876	937	908	841	891	835
1453.29	1449.44	6168	938	930	920	887	797	877	819
1452.99	1449.13	5959	834	833	873	829	838	889	863
1452.69	1448.81	6212	942	869	923	878	878	890	832
1452.4	1448.54	6066	889	874	862	915	796	890	840
1452.1	1448.24	6162	899	860	876	853	892	877	905
1451.8	1447.92	6132	879	835	859	942	832	877	908
1451.5	1447.63	6116	935	872	887	842	887	865	828
1451.2	1447.33	5871	866	818	829	839	884	803	832
1450.9	1446.98	6141	860	866	935	848	876	891	865
1450.6	1446.77	6130	876	875	920	871	916	837	835
1450.3	1446.49	6187	934	834	959	907	857	832	864
1450	1446.22	6174	890	847	950	884	867	856	880
