Scans: 7	Points: 100	time: 333.000000
Energy(calc)	Energy(meas)	Sum	Scan1	Scan2	Scan3	Scan4	Scan5	Scan6	Scan7
1130	1128.67	6212	874	881	849	908	961	842	897
1129.7	1128.55	6220	904	852	900	875	902	871	916
1129.4	1128.22	6274	809	966	943	923	915	878	840
1129.1	1127.82	6484	917	956	843	951	974	908	935
1128.8	1127.65	6476	961	982	884	921	910	910	908
1128.5	1127.28	6398	932	881	912	955	872	934	912
1128.2	1126.75	6571	910	929	894	1004	944	926	964
1127.9	1126.72	6241	837	864	883	973	897	902	885
1127.6	1126.49	6340	950	867	908	950	921	861	883
1127.3	1126.2	6349	925	859	856	924	958	887	940
1127	1125.87	6408	908	940	883	921	893	908	955
1126.7	1125.72	6473	915	945	924	913	969	905	902
1126.4	1125.46	6502	928	967	942	958	882	942	883
1126.1	1125.45	6446	885	958	903	906	909	969	916
1125.8	1124.93	6476	928	963	877	905	943	948	912
1125.5	1124.49	6538	943	986	901	952	915	880	961
1125.2	1124.33	6541	918	941	933	914	922	977	936
1124.9	1124.23	6365	936	877	914	906	886	894	952
1124.6	1123.88	6624	954	906	904	1025	959	972	904
1124.3	1123.61	6474	920	949	910	899	859	931	1006
1124	1123.45	6340	947	848	863	924	934	910	914
1123.7	1123.15	6536	898	959	927	972	882	928	970
1123.4	1122.7	6213	868	872	966	873	843	945	846
1123.1	1122.39	6431	879	952	906	941	902	931	920
1122.8	1121.96	6261	914	889	866	923	923	845	901
1122.5	1121.64	6268	857	929	830	892	919	881	960
1122.2	1121.31	6399	840	998	904	920	896	869	972
1121.9	1121.14	6399	944	961	882	893	910	893	916
1121.6	1120.75	6390	853	984	915	916	875	909	938
1121.3	1120.43	6345	901	922	923	850	908	920	921
1121	1120.16	6453	952	908	952	938	883	879	941
1120.7	1119.81	6444	945	940	984	906	878	877	914
1120.4	1119.62	6394	905	874	893	963	891	911	957
1120.1	1119.48	6516	950	936	905	887	928	957	953
1119.8	1119.17	6567	910	927	952	940	944	901	993
1119.5	1119.08	6682	902	912	996	961	900	1033	978
1119.2	1118.72	6687	949	1002	924	949	922	961	980
1118.9	1118.67	6568	930	1014	923	909	902	924	966
1118.6	1118.38	6670	953	1048	935	948	963	890	933
1118.3	1118.07	6630	916	974	997	905	942	946	950
1118	1117.6	6577	916	965	946	921	992	893	944
1117.7	1117.44	6743	956	1071	955	926	986	904	945
1117.4	1117.09	7054	1073	1187	1049	952	872	971	950
1117.1	1116.66	7357	1240	1277	1040	898	977	933	992
1116.8	1116.37	8104	1428	1418	1209	1029	996	1020	1004
1116.5	1116.09	8145	1405	1375	1349	1157	970	942	947
1116.2	1115.9	8457	1396	1274	1418	1212	1064	1067	1026
1115.9	1115.75	8725	1233	1266	1424	1299	1220	1163	1120
1115.6	1115.19	8862	1030	1188	1262	1418	1400	1268	1296
1115.3	1114.76	9041	1025	1024	1191	1420	1465	1427	1489
1115	1114.58	8512	976	967	1159	1219	1405	1418	1368
1114.7	1114.22	8368	975	983	1034	1240	1297	1391	1448
1114.4	1113.88	7714	905	954	1080	1098	1102	1262	1313
1114.1	1113.76	7268	1035	955	982	973	1085	1126	1112
1113.8	1113.43	7120	969	986	1000	999	1036	1043	1087
1113.5	1113.44	6883	995	980	1006	941	979	968	1014
1113.2	1113.24	6873	976	984	903	982	996	947	1085
1112.9	1112.8	6959	869	1003	1045	1028	1045	1006	963
1112.6	1112.53	6839	966	970	1007	1031	895	936	1034
1112.3	1112.12	6826	970	955	973	933	1032	976	987
1112	1111.87	6921	942	965	1002	1070	978	941	1023
1111.7	1111.78	6890	987	1058	986	984	939	967	969
1111.4	1111.59	6962	966	1040	917	1016	1028	970	1025
1111.1	1111.31	7178	1046	1103	1017	1060	1016	949	987
1110.8	1110.99	7128	1224	1183	916	959	987	930	929
1110.5	1110.62	7781	1238	1342	1096	1086	1065	932	1022
1110.2	1110.1	7903	1220	1295	1148	1078	1118	1029	1015
1109.9	1109.91	8149	1238	1257	1191	1112	1198	1093	1060
1109.6	1109.65	8562	1184	1102	1219	1254	1285	1248	1270
1109.3	1109.25	8691	1036	1106	1341	1302	1318	1241	1347
1109	1109.09	8675	979	994	1242	1295	1340	1366	1459
1108.7	1108.81	8375	1086	1016	1058	1191	1244	1425	1355
1108.4	1108.6	7808	985	964	1107	1094	1187	1197	1274
1108.1	1108.39	7459	1019	1028	1068	1064	1021	1117	1142
1107.8	1108.1	7188	991	1003	971	1036	1067	1048	1072
1107.5	1107.74	7085	1014	970	1017	944	1058	1076	1006
1107.2	1107.47	6809	994	958	972	981	929	973	1002
1106.9	1107.13	6860	977	978	980	964	955	1033	973
1106.6	1106.77	6962	996	968	1001	1002	1039	963	993
1106.3	1106.61	6848	1031	951	938	908	1015	983	1022
1106	1106.19	7111	990	965	1023	1079	987	1019	1048
1105.7	1105.79	6924	985	952	996	1009	957	984	1041
1105.4	1105.46	6961	1011	955	1004	1024	1002	1028	937
1105.1	1105.26	6861	973	973	988	1007	920	984	1016
1104.8	1105.09	6953	915	981	973	1060	990	1048	986
1104.5	1104.89	6983	975	1047	892	1052	984	1014	1019
1104.2	1104.71	6933	1021	946	968	986	981	1033	998
1103.9	1104.34	6856	984	1010	888	965	994	1018	997
1103.6	1104.15	6991	964	959	1026	982	1004	1069	987
1103.3	1103.79	6957	1005	925	966	1003	1030	1021	1007
1103	1103.4	6809	931	1001	962	958	952	1016	989
1102.7	1103.06	7023	1015	999	968	1054	1001	975	1011
1102.4	1102.76	7087	1023	962	1042	1000	970	1025	1065
1102.1	1102.55	7048	1030	940	1029	960	1009	1044	1036
1101.8	1102.22	7014	1064	1045	991	990	932	1009	983
1101.5	1101.97	7068	972	983	961	1065	1060	1081	946
1101.2	1101.81	6937	1009	1029	988	907	989	971	1044
1100.9	1101.71	6950	1043	1015	962	925	1006	988	1011
1100.6	1101.4	6939	958	1058	992	994	961	1011	965
1100.3	1101.01	6854	955	942	933	1032	983	1004	1005
1100	1100.77	6995	1037	1016	957	1002	1010	980	993
