Scans: 2	Points: 333	time: 333.000000
Energy(calc)	Energy(meas)	Sum	Scan1	Scan2
1150	203.3	3991	1562	2429
1149.7	203.05	3799	1628	2171
1149.4	202.8	3770	1589	2181
1149.1	202.47	3802	1674	2128
1148.8	202.17	3848	1609	2239
1148.5	201.88	3911	1740	2171
1148.2	201.56	3876	1748	2128
1147.9	201.32	3912	1726	2186
1147.6	201.03	3879	1758	2121
1147.3	200.71	4049	1867	2182
1147	200.41	4073	1904	2169
1146.7	200.08	3813	1759	2054
1146.4	199.75	4020	1776	2244
1146.1	199.46	4041	1855	2186
1145.8	199.23	4076	1904	2172
1145.5	198.93	4230	1962	2268
1145.2	198.68	4082	1885	2197
1144.89	198.37	4006	1859	2147
1144.59	198.03	4020	1827	2193
1144.29	197.74	4076	1854	2222
1143.99	197.43	4132	1928	2204
1143.69	197.1	4085	1923	2162
1143.39	196.81	4114	1992	2122
1143.09	196.55	4141	1977	2164
1142.79	196.25	3978	1867	2111
1142.49	195.95	4085	2024	2061
1142.19	195.65	4072	1985	2087
1141.89	195.38	4137	1971	2166
1141.59	195.07	4075	1976	2099
1141.29	194.76	4204	2013	2191
1140.99	194.45	4259	1984	2275
1140.69	194.15	4183	1992	2191
1140.39	193.88	4253	2043	2210
1140.09	193.59	4194	1947	2247
1139.79	193.29	4343	1970	2373
1139.49	192.98	4218	1971	2247
1139.19	192.65	4259	2030	2229
1138.89	192.33	4086	2033	2053
1138.59	192.04	4074	1971	2103
1138.29	191.79	4291	2096	2195
1137.99	191.51	4092	1941	2151
1137.69	191.24	4210	1989	2221
1137.39	190.93	4140	2038	2102
1137.09	190.61	4199	1993	2206
1136.79	190.28	4221	2013	2208
1136.49	189.96	4434	2179	2255
1136.19	189.64	4272	2066	2206
1135.89	189.38	4079	2026	2053
1135.59	189.1	4233	2053	2180
1135.29	188.8	4245	2014	2231
1134.98	188.5	4149	2009	2140
1134.68	188.19	4313	2050	2263
1134.38	187.93	4239	2086	2153
1134.08	187.64	4312	2161	2151
1133.78	187.35	4534	2202	2332
1133.48	187.02	4282	1992	2290
1133.18	186.77	4379	2176	2203
1132.88	186.49	4284	2055	2229
1132.58	186.18	4221	2089	2132
1132.28	185.87	4342	2101	2241
1131.98	185.55	4260	2076	2184
1131.68	185.22	4415	2126	2289
1131.38	184.91	4440	2134	2306
1131.08	184.63	4339	2082	2257
1130.78	184.38	4386	2097	2289
1130.48	184.11	4201	2055	2146
1130.18	183.84	4574	2238	2336
1129.88	183.52	4253	2086	2167
1129.58	183.22	4366	2189	2177
1129.28	182.92	4522	2167	2355
1128.98	182.58	4434	2181	2253
1128.68	182.3	4539	2224	2315
1128.38	182.02	4555	2104	2451
1128.08	181.72	4312	2051	2261
1127.78	181.45	4476	2209	2267
1127.48	181.15	4421	2273	2148
1127.18	180.81	4396	2101	2295
1126.88	180.55	4470	2165	2305
1126.58	180.26	4468	2265	2203
1126.28	179.93	4365	2172	2193
1125.98	179.63	4636	2315	2321
1125.68	179.37	4379	2097	2282
1125.38	179.08	4565	2257	2308
1125.08	178.78	4485	2191	2294
1124.77	178.49	4479	2249	2230
1124.47	178.16	4402	2211	2191
1124.17	177.83	4591	2143	2448
1123.87	177.55	4451	2248	2203
1123.57	177.26	4265	2063	2202
1123.27	177.02	4522	2155	2367
1122.97	176.75	4568	2303	2265
1122.67	176.45	4568	2225	2343
1122.37	176.11	4646	2193	2453
1122.07	175.82	4625	2256	2369
1121.77	175.5	4596	2306	2290
1121.47	175.16	4648	2299	2349
1121.17	174.88	4513	2229	2284
1120.87	174.59	4621	2318	2303
1120.57	174.31	4607	2237	2370
1120.27	174.04	4647	2323	2324
1119.97	173.73	4723	2371	2352
1119.67	173.4	4628	2232	2396
1119.37	173.16	4612	2213	2399
1119.07	172.85	4622	2235	2387
1118.77	172.53	4604	2343	2261
1118.47	172.25	4458	2147	2311
1118.17	171.99	4571	2209	2362
1117.87	171.71	4676	2365	2311
1117.57	171.45	4718	2316	2402
1117.27	171.17	4623	2285	2338
1116.97	170.85	4629	2314	2315
1116.67	170.57	4762	2417	2345
1116.37	170.27	4735	2394	2341
1116.07	169.96	4697	2329	2368
1115.77	169.74	4771	2302	2469
1115.47	169.48	4751	2362	2389
1115.17	169.18	4669	2326	2343
1114.86	168.89	4711	2310	2401
1114.56	168.61	4628	2254	2374
1114.26	168.3	4814	2462	2352
1113.96	168.02	4820	2354	2466
1113.66	167.74	4686	2262	2424
1113.36	167.45	4795	2362	2433
1113.06	167.18	4618	2180	2438
1112.76	166.92	4873	2355	2518
1112.46	166.6	4756	2348	2408
1112.16	166.28	4925	2427	2498
1111.86	166.08	4742	2316	2426
1111.56	165.79	4841	2394	2447
1111.26	165.48	4835	2434	2401
1110.96	165.23	4901	2434	2467
1110.66	164.96	4823	2364	2459
1110.36	164.66	4888	2467	2421
1110.06	164.39	4831	2387	2444
1109.76	164.09	4883	2408	2475
1109.46	163.77	4867	2472	2395
1109.16	163.48	4886	2367	2519
1108.86	163.17	4745	2330	2415
1108.56	162.85	4985	2542	2443
1108.26	162.62	4695	2350	2345
1107.96	162.35	4959	2412	2547
1107.66	162.06	4845	2435	2410
1107.36	161.76	4963	2439	2524
1107.06	161.48	4860	2400	2460
1106.76	161.12	5027	2520	2507
1106.46	160.82	4800	2373	2427
1106.16	160.51	5097	2491	2606
1105.86	160.2	4903	2389	2514
1105.56	159.93	5036	2460	2576
1105.26	159.66	5021	2517	2504
1104.95	159.35	4965	2383	2582
1104.65	159.05	4929	2396	2533
1104.35	158.8	4783	2418	2365
1104.05	158.46	4898	2399	2499
1103.75	158.16	5062	2559	2503
1103.45	157.86	4860	2372	2488
1103.15	157.56	4775	2360	2415
1102.85	157.29	4934	2498	2436
1102.55	157	5039	2520	2519
1102.25	156.63	4984	2456	2528
1101.95	156.32	5029	2551	2478
1101.65	156	5015	2427	2588
1101.35	155.66	5046	2496	2550
1101.05	155.38	5134	2478	2656
1100.75	155.14	4950	2511	2439
1100.45	154.82	5136	2516	2620
1100.15	154.57	5165	2608	2557
1099.85	154.25	5110	2567	2543
1099.55	153.92	4911	2528	2383
1099.25	153.62	5003	2433	2570
1098.95	153.31	4978	2479	2499
1098.65	152.96	4891	2464	2427
1098.35	152.69	5107	2557	2550
1098.05	152.41	5129	2527	2602
1097.75	152.09	5129	2651	2478
1097.45	151.8	5125	2555	2570
1097.15	151.48	5107	2559	2548
1096.85	151.18	5120	2524	2596
1096.55	150.86	5120	2545	2575
1096.25	150.57	5221	2583	2638
1095.95	150.26	5138	2640	2498
1095.65	149.98	5177	2634	2543
1095.35	149.71	5189	2599	2590
1095.05	149.41	5036	2478	2558
1094.74	149.09	5216	2602	2614
1094.44	148.78	5179	2598	2581
1094.14	148.47	5300	2615	2685
1093.84	148.17	5246	2635	2611
1093.54	147.9	5411	2658	2753
1093.24	147.62	5339	2696	2643
1092.94	147.37	5137	2555	2582
1092.64	147.1	5266	2585	2681
1092.34	146.78	5255	2702	2553
1092.04	146.43	5056	2602	2454
1091.74	146.12	5335	2563	2772
1091.44	145.82	5247	2692	2555
1091.14	145.5	5047	2485	2562
1090.84	145.25	5225	2631	2594
1090.54	144.96	5357	2674	2683
1090.24	144.66	5317	2629	2688
1089.94	144.38	5367	2613	2754
1089.64	144.07	5529	2735	2794
1089.34	143.79	5440	2680	2760
1089.04	143.5	5324	2718	2606
1088.74	143.2	5373	2780	2593
1088.44	142.9	5467	2849	2618
1088.14	142.65	5536	2748	2788
1087.84	142.35	5336	2638	2698
1087.54	142.05	5325	2540	2785
1087.24	141.72	5495	2810	2685
1086.94	141.39	5475	2787	2688
1086.64	141.08	5410	2714	2696
1086.34	140.78	5613	2874	2739
1086.04	140.5	5627	2879	2748
1085.74	140.2	5516	2701	2815
1085.44	139.99	5889	3002	2887
1085.14	139.69	5502	2665	2837
1084.83	139.36	5526	2785	2741
1084.53	139.07	5705	2757	2948
1084.23	138.74	5520	2809	2711
1083.93	138.43	5590	2711	2879
1083.63	138.16	5719	2916	2803
1083.33	137.89	5724	2974	2750
1083.03	137.61	5417	2734	2683
1082.73	137.32	5717	2881	2836
1082.43	136.99	5631	2763	2868
1082.13	136.64	5722	2825	2897
1081.83	136.39	5747	2809	2938
1081.53	136.08	5726	2739	2987
1081.23	135.76	5777	2921	2856
1080.93	135.5	5577	2824	2753
1080.63	135.24	5601	2712	2889
1080.33	134.93	5846	2880	2966
1080.03	134.62	5761	2862	2899
1079.73	134.31	5790	2945	2845
1079.43	133.97	5677	2858	2819
1079.13	133.67	5681	2899	2782
1078.83	133.38	5854	2922	2932
1078.53	133.08	5811	2932	2879
1078.23	132.83	5785	2893	2892
1077.93	132.61	5830	2864	2966
1077.63	132.29	5892	2990	2902
1077.33	131.95	5775	2807	2968
1077.03	131.63	5877	2948	2929
1076.73	131.27	5965	2984	2981
1076.43	130.97	5839	2867	2972
1076.13	130.71	5725	2846	2879
1075.83	130.43	5851	2845	3006
1075.53	130.14	5880	2896	2984
1075.23	129.86	5807	2962	2845
1074.92	129.54	5871	2945	2926
1074.62	129.22	5899	3027	2872
1074.32	128.97	6039	2986	3053
1074.02	128.67	5904	2887	3017
1073.72	128.37	5734	2831	2903
1073.42	128.12	5942	3011	2931
1073.12	127.85	5856	2924	2932
1072.82	127.55	6144	3058	3086
1072.52	127.21	6058	2997	3061
1072.22	126.89	5887	2946	2941
1071.92	126.55	5874	2939	2935
1071.62	126.23	6021	2896	3125
1071.32	125.96	6012	3022	2990
1071.02	125.68	6055	3054	3001
1070.72	125.4	5983	2929	3054
1070.42	125.2	6095	3160	2935
1070.12	124.89	6221	3086	3135
1069.82	124.55	6153	3063	3090
1069.52	124.26	6230	3079	3151
1069.22	123.94	6165	3034	3131
1068.92	123.62	6099	2996	3103
1068.62	123.37	6130	3024	3106
1068.32	123.11	6162	3059	3103
1068.02	122.79	6006	2910	3096
1067.72	122.5	6180	3064	3116
1067.42	122.18	6177	3195	2982
1067.12	121.82	6188	3033	3155
1066.82	121.58	5998	2963	3035
1066.52	121.28	6349	3179	3170
1066.22	120.99	6352	3040	3312
1065.92	120.73	6421	3241	3180
1065.62	120.46	6302	3063	3239
1065.32	120.14	6349	3123	3226
1065.02	119.82	6495	3217	3278
1064.71	119.52	6343	3203	3140
1064.41	119.18	6392	3158	3234
1064.11	118.86	6283	3227	3056
1063.81	118.59	6467	3205	3262
1063.51	118.32	6469	3168	3301
1063.21	118.03	6327	3043	3284
1062.91	117.81	6320	3243	3077
1062.61	117.46	6373	3299	3074
1062.31	117.12	6386	3190	3196
1062.01	116.82	6439	3187	3252
1061.71	116.49	6407	3245	3162
1061.41	116.19	6550	3292	3258
1061.11	115.92	6408	3169	3239
1060.81	115.65	6452	3147	3305
1060.51	115.33	6576	3228	3348
1060.21	115.04	6608	3354	3254
1059.91	114.71	6646	3260	3386
1059.61	114.36	6616	3306	3310
1059.31	114.15	6557	3235	3322
1059.01	113.85	6862	3434	3428
1058.71	113.55	6826	3402	3424
1058.41	113.29	6762	3378	3384
1058.11	113	6818	3336	3482
1057.81	112.67	6819	3424	3395
1057.51	112.36	6825	3390	3435
1057.21	112.04	6730	3389	3341
1056.91	111.7	6823	3373	3450
1056.61	111.39	6866	3480	3386
1056.31	111.13	6883	3250	3633
1056.01	110.83	6804	3404	3400
1055.71	110.55	7078	3542	3536
1055.41	110.33	6878	3425	3453
1055.11	109.99	6932	3487	3445
1054.8	109.69	7025	3514	3511
1054.5	109.4	6862	3388	3474
1054.2	109.09	6938	3425	3513
1053.9	108.79	7305	3526	3779
1053.6	108.53	7186	3578	3608
1053.3	108.25	7063	3499	3564
1053	107.93	7240	3606	3634
1052.7	107.64	7295	3727	3568
1052.4	107.3	7268	3657	3611
1052.1	106.95	7254	3663	3591
1051.8	106.73	7252	3601	3651
1051.5	106.43	7343	3642	3701
1051.2	106.14	7273	3538	3735
1050.9	105.87	7177	3556	3621
1050.6	105.56	7423	3653	3770
1050.3	105.25	7482	3779	3703
1050	104.95	7180	3518	3662
