Scans: 1	Points: 133	time: 333.000000
Energy(calc)	Energy(meas)	Sum	Scan1
1140	2084.55	885	885
1139.7	2070.88	909	909
1139.4	2056.42	980	980
1139.1	2041.06	1052	1052
1138.8	2026.57	874	874
1138.5	2012.14	973	973
1138.2	1996.44	881	881
1137.89	1981.93	872	872
1137.59	1967.45	964	964
1137.29	1952.9	968	968
1136.99	1937.16	993	993
1136.69	1922.72	982	982
1136.39	1908.23	950	950
1136.09	1892.65	927	927
1135.79	1878.37	951	951
1135.49	1863.68	893	893
1135.19	1847.97	942	942
1134.89	1833.54	890	890
1134.59	1819.09	868	868
1134.29	1803.26	839	839
1133.98	1788.7	963	963
1133.68	1774.24	990	990
1133.38	1758.62	926	926
1133.08	1744.16	956	956
1132.78	1729.94	950	950
1132.48	1714.31	959	959
1132.18	1699.92	982	982
1131.88	1685.46	893	893
1131.58	1669.73	892	892
1131.28	1655.25	906	906
1130.98	1640.66	902	902
1130.68	1626.11	956	956
1130.38	1610.45	933	933
1130.08	1595.96	932	932
1129.77	1581.53	866	866
1129.47	1565.75	974	974
1129.17	1551.06	973	973
1128.87	1536.61	963	963
1128.57	1520.95	957	957
1128.27	1506.52	954	954
1127.97	1491.89	966	966
1127.67	1476.08	928	928
1127.37	1461.65	885	885
1127.07	1447.19	917	917
1126.77	1431.6	983	983
1126.47	1417.35	984	984
1126.17	1402.91	1028	1028
1125.86	1387.31	941	941
1125.56	1372.89	930	930
1125.26	1358.36	935	935
1124.96	1342.61	943	943
1124.66	1328.05	936	936
1124.36	1313.5	1041	1041
1124.06	1299.03	950	950
1123.76	1283.34	985	985
1123.46	1268.92	918	918
1123.16	1254.89	1006	1006
1122.86	1238.94	951	951
1122.56	1224.44	981	981
1122.26	1209.95	962	962
1121.95	1194.36	957	957
1121.65	1179.79	949	949
1121.35	1165.17	942	942
1121.05	1149.51	995	995
1120.75	1135.04	961	961
1120.45	1120.6	965	965
1120.15	1105.15	1103	1103
1119.85	1090.77	1090	1090
1119.55	1076.29	1112	1112
1119.25	1060.69	1065	1065
1118.95	1046.19	1058	1058
1118.65	1031.71	1206	1206
1118.35	1015.91	1139	1139
1118.05	1001.39	1156	1156
1117.74	986.94	1199	1199
1117.44	971.19	1200	1200
1117.14	956.76	1191	1191
1116.84	942.15	1190	1190
1116.54	927.51	1244	1244
1116.24	911.85	1320	1320
1115.94	897.37	1372	1372
1115.64	882.96	1482	1482
1115.34	867.18	1390	1390
1115.04	852.59	1248	1248
1114.74	838.16	1325	1325
1114.44	822.46	1338	1338
1114.14	808.01	1342	1342
1113.83	793.79	1372	1372
1113.53	778.2	1292	1292
1113.23	763.71	1302	1302
1112.93	749.3	1304	1304
1112.63	733.63	1336	1336
1112.33	719.15	1321	1321
1112.03	704.57	1356	1356
1111.73	688.84	1323	1323
1111.43	674.38	1208	1208
1111.13	659.94	1228	1228
1110.83	644.2	1293	1293
1110.53	629.99	1239	1239
1110.23	615.31	1221	1221
1109.92	600.86	1364	1364
1109.62	585.13	1230	1230
1109.32	570.73	1389	1389
1109.02	556.15	1284	1284
1108.72	540.35	1302	1302
1108.42	525.92	1323	1323
1108.12	511.48	1395	1395
1107.82	495.76	1331	1331
1107.52	481.54	1332	1332
1107.22	467.27	1269	1269
1106.92	451.5	1370	1370
1106.62	437.07	1373	1373
1106.32	422.6	1416	1416
1106.02	406.93	1418	1418
1105.71	392.3	1442	1442
1105.41	377.78	1381	1381
1105.11	362.14	1627	1627
1104.81	347.67	1514	1514
1104.51	333.22	1571	1571
1104.21	317.35	1597	1597
1103.91	302.68	1797	1797
1103.61	288.27	1790	1790
1103.31	273.83	1947	1947
1103.01	258.11	1902	1902
1102.71	243.58	1878	1878
1102.41	228.95	2124	2124
1102.11	213.35	2027	2027
1101.8	198.9	2120	2120
1101.5	184.37	2203	2203
1101.2	168.95	2481	2481
1100.9	154.7	2485	2485
1100.6	140.14	2745	2745
1100.3	124.48	3130	3130
1100	110.01	3406	3406
