Scans: 7	Points: 200	time: 333.000000
Energy(calc)	Energy(meas)	Sum	Scan1	Scan2	Scan3	Scan4	Scan5	Scan6	Scan7
930	917.73	8812	1135	1310	1192	1309	1244	1252	1370
929.7	917.54	8507	1066	1182	1267	1149	1327	1321	1195
929.4	917.19	8661	1137	1293	1264	1208	1214	1237	1308
929.1	916.89	8559	1062	1223	1237	1315	1241	1247	1234
928.8	916.53	8656	1219	1280	1243	1212	1293	1206	1203
928.5	916.26	8513	1172	1149	1327	1206	1221	1259	1179
928.2	916.05	8693	1170	1237	1289	1241	1350	1178	1228
927.9	915.83	8749	1234	1137	1275	1317	1321	1232	1233
927.6	915.55	8537	1179	1251	1334	1241	1162	1214	1156
927.3	915.41	8785	1167	1242	1249	1263	1296	1312	1256
927	914.94	8824	1275	1239	1228	1227	1301	1270	1284
926.7	914.63	8985	1301	1226	1304	1296	1342	1343	1173
926.4	914.44	9165	1387	1185	1305	1303	1335	1367	1283
926.1	914.19	9158	1407	1242	1390	1225	1302	1256	1336
925.8	913.71	9398	1446	1250	1285	1312	1364	1367	1374
925.5	913.53	9380	1440	1300	1342	1291	1316	1383	1308
925.2	913.2	9406	1420	1288	1370	1317	1357	1304	1350
924.9	912.96	9564	1349	1261	1388	1414	1425	1351	1376
924.6	912.62	9842	1437	1395	1464	1485	1371	1321	1369
924.3	912.42	9968	1298	1425	1486	1520	1368	1431	1440
924	912.1	10081	1394	1473	1397	1416	1509	1457	1435
923.7	911.8	10365	1294	1501	1496	1565	1557	1467	1485
923.4	911.5	10493	1238	1580	1524	1458	1625	1540	1528
923.1	911.24	10206	1238	1510	1514	1388	1511	1490	1555
922.8	911.05	10251	1214	1471	1484	1524	1504	1520	1534
922.5	910.73	10159	1209	1502	1539	1558	1442	1501	1408
922.2	911.22	10322	1282	1431	1514	1517	1457	1572	1549
921.9	911.51	9909	1258	1439	1430	1491	1358	1462	1471
921.6	910.95	10024	1229	1514	1488	1424	1347	1517	1505
921.3	910.45	9717	1314	1387	1343	1369	1295	1576	1433
921	910.52	9659	1324	1345	1409	1344	1428	1428	1381
920.7	909.96	9428	1165	1324	1342	1436	1347	1362	1452
920.4	909.69	9304	1286	1362	1412	1346	1258	1323	1317
920.1	909.37	9138	1176	1357	1316	1357	1287	1323	1322
919.8	909.35	9286	1214	1370	1363	1303	1416	1240	1380
919.5	908.95	9266	1254	1304	1339	1316	1379	1334	1340
919.2	908.67	9092	1242	1300	1355	1266	1334	1275	1320
918.9	908.36	9165	1306	1329	1321	1330	1313	1272	1294
918.6	908.21	8991	1301	1284	1254	1243	1267	1362	1280
918.3	908.1	9108	1268	1278	1309	1348	1295	1320	1290
918	907.92	8958	1254	1297	1200	1271	1268	1296	1372
917.7	907.35	9119	1256	1298	1378	1290	1324	1247	1326
917.4	907.22	9009	1200	1289	1422	1247	1270	1291	1290
917.1	907.17	8938	1279	1275	1294	1303	1273	1248	1266
916.8	906.91	8875	1234	1319	1335	1345	1116	1270	1256
916.5	906.72	9094	1298	1275	1336	1279	1262	1314	1330
916.2	906.52	8770	1252	1249	1230	1326	1242	1276	1195
915.9	906	8783	1248	1206	1320	1285	1172	1245	1307
915.6	905.5	9121	1204	1277	1408	1273	1331	1341	1287
915.3	905.49	8683	1222	1224	1282	1227	1235	1199	1294
915	905.15	8923	1210	1294	1347	1312	1200	1282	1278
914.7	904.8	8867	1213	1327	1331	1251	1278	1282	1185
914.4	904.59	8829	1262	1256	1238	1250	1273	1315	1235
914.1	904.45	8877	1207	1291	1319	1234	1278	1258	1290
913.8	904	8922	1283	1277	1229	1245	1337	1251	1300
913.5	903.54	8978	1177	1249	1357	1284	1298	1315	1298
913.2	903.31	8998	1273	1304	1303	1203	1318	1281	1316
912.9	903.04	8952	1301	1245	1291	1303	1245	1295	1272
912.6	902.71	8773	1250	1249	1307	1226	1268	1273	1200
912.3	902.5	9097	1287	1265	1273	1342	1287	1264	1379
912	902.16	9130	1328	1339	1421	1203	1199	1370	1270
911.7	901.94	8893	1203	1229	1318	1264	1265	1323	1291
911.4	901.77	8952	1201	1281	1302	1313	1241	1309	1305
911.1	901.43	8967	1267	1239	1288	1301	1269	1333	1270
910.8	901.1	8899	1242	1272	1249	1348	1248	1247	1293
910.5	900.83	8904	1177	1281	1255	1275	1288	1262	1366
910.2	900.61	9075	1234	1312	1303	1193	1335	1328	1370
909.9	900.43	9032	1194	1240	1295	1325	1287	1316	1375
909.6	900.17	9242	1298	1302	1319	1318	1286	1374	1345
909.3	899.92	9185	1257	1317	1302	1351	1320	1310	1328
909	899.7	8895	1185	1210	1277	1299	1329	1266	1329
908.7	899.37	9009	1318	1318	1269	1337	1276	1247	1244
908.4	899.12	9127	1227	1305	1397	1256	1309	1313	1320
908.1	898.85	8928	1290	1248	1342	1219	1304	1190	1335
907.8	898.59	8881	1211	1258	1356	1271	1238	1284	1263
907.5	898.34	9087	1292	1352	1319	1266	1291	1230	1337
907.2	898.06	8946	1203	1343	1254	1282	1298	1237	1329
906.9	897.81	9119	1201	1479	1257	1313	1265	1276	1328
906.6	897.58	8875	1216	1197	1243	1296	1318	1346	1259
906.3	897.31	9244	1326	1338	1345	1293	1353	1281	1308
906	896.91	9417	1381	1301	1338	1348	1412	1343	1294
905.7	896.7	9068	1212	1341	1305	1246	1313	1326	1325
905.4	896.51	9138	1352	1304	1276	1332	1247	1264	1363
905.1	896.15	8953	1263	1292	1270	1286	1261	1311	1270
904.8	895.92	9035	1301	1259	1309	1309	1293	1270	1294
904.5	895.55	9252	1317	1420	1270	1356	1244	1281	1364
904.2	895.25	9140	1206	1350	1284	1370	1242	1355	1333
903.9	895.01	9011	1178	1290	1266	1290	1353	1315	1319
903.6	894.69	9447	1366	1317	1355	1396	1403	1339	1271
903.3	894.43	9032	1258	1361	1198	1364	1302	1283	1266
903	894.1	9123	1277	1318	1342	1290	1292	1319	1285
902.7	893.79	9632	1272	1382	1320	1392	1415	1451	1400
902.4	893.42	9439	1303	1402	1349	1365	1363	1305	1352
902.1	893.12	9413	1353	1296	1337	1277	1391	1402	1357
901.8	892.78	9345	1342	1311	1462	1351	1256	1310	1313
901.5	892.41	9198	1215	1383	1375	1270	1262	1342	1351
901.2	892.16	9304	1341	1270	1332	1421	1278	1324	1338
900.9	891.83	9213	1268	1303	1289	1319	1332	1358	1344
900.6	891.57	9241	1326	1315	1409	1353	1329	1235	1274
900.3	891.25	9241	1294	1335	1317	1326	1335	1333	1301
900	890.99	9153	1328	1239	1245	1370	1288	1302	1381
899.7	890.78	9049	1220	1281	1242	1411	1318	1230	1347
899.4	890.54	9131	1323	1327	1284	1238	1354	1285	1320
899.1	890.3	9223	1264	1370	1333	1255	1245	1358	1398
898.8	889.92	9293	1164	1388	1386	1319	1347	1313	1376
898.5	889.72	9005	1270	1335	1311	1257	1288	1202	1342
898.2	889.46	9195	1384	1309	1276	1289	1301	1325	1311
897.9	889.2	9289	1343	1305	1234	1324	1350	1347	1386
897.6	888.94	9401	1311	1263	1353	1287	1384	1420	1383
897.3	888.63	8994	1265	1275	1284	1283	1286	1285	1316
897	888.4	9194	1212	1339	1299	1248	1357	1382	1357
896.7	887.87	9503	1331	1320	1405	1360	1329	1438	1320
896.4	887.52	9336	1339	1376	1290	1319	1356	1269	1387
896.1	887.31	9320	1264	1458	1262	1409	1313	1263	1351
895.8	887.08	9400	1299	1377	1290	1356	1338	1392	1348
895.5	886.73	9761	1380	1320	1469	1474	1374	1402	1342
895.2	886.25	9584	1341	1347	1431	1413	1351	1347	1354
894.9	886.05	9438	1334	1309	1349	1411	1331	1367	1337
894.6	885.74	9656	1323	1435	1470	1457	1249	1401	1321
894.3	885.46	9908	1401	1466	1434	1412	1429	1389	1377
894	885.27	9733	1411	1374	1412	1372	1422	1376	1366
893.7	884.91	9853	1333	1415	1393	1414	1453	1397	1448
893.4	884.68	9689	1345	1323	1419	1430	1310	1400	1462
893.1	884.34	9942	1386	1450	1434	1426	1398	1379	1469
892.8	884.04	10018	1408	1416	1453	1471	1377	1423	1470
892.5	883.77	10225	1472	1477	1442	1510	1421	1467	1436
892.2	883.43	9946	1438	1372	1402	1444	1372	1432	1486
891.9	883.1	10202	1478	1387	1438	1460	1447	1481	1511
891.6	882.86	10367	1405	1443	1503	1549	1495	1394	1578
891.3	882.66	10021	1458	1413	1435	1443	1503	1342	1427
891	882.37	10180	1431	1482	1488	1382	1499	1440	1458
890.7	882.02	10149	1376	1409	1466	1506	1468	1455	1469
890.4	881.75	9772	1334	1504	1369	1396	1395	1418	1356
890.1	881.54	9696	1411	1423	1358	1367	1321	1435	1381
889.8	881.25	9566	1332	1403	1349	1382	1419	1339	1342
889.5	880.99	9520	1306	1329	1332	1347	1369	1430	1407
889.2	880.62	9980	1373	1484	1456	1357	1397	1494	1419
888.9	880.31	9624	1280	1404	1378	1479	1378	1328	1377
888.6	880.11	9851	1407	1478	1440	1307	1392	1381	1446
888.3	879.67	9585	1286	1432	1429	1397	1336	1410	1295
888	879.4	9718	1400	1472	1410	1337	1313	1402	1384
887.7	879.19	9653	1291	1511	1392	1354	1361	1406	1338
887.4	878.88	9616	1396	1407	1384	1371	1340	1377	1341
887.1	878.65	9453	1322	1368	1376	1315	1277	1404	1391
886.8	878.52	9589	1427	1429	1284	1305	1370	1367	1407
886.5	878.06	9347	1292	1359	1355	1363	1343	1270	1365
886.2	877.77	9335	1268	1356	1315	1342	1286	1373	1395
885.9	877.47	9464	1262	1363	1393	1336	1381	1398	1331
885.6	877.16	9230	1298	1331	1290	1302	1361	1311	1337
885.3	876.94	9406	1337	1328	1301	1372	1330	1310	1428
885	876.53	9481	1290	1400	1378	1293	1330	1398	1392
884.7	876.23	9368	1325	1319	1365	1359	1275	1281	1444
884.4	875.93	9642	1378	1300	1438	1393	1357	1429	1347
884.1	875.66	9384	1260	1412	1363	1327	1324	1344	1354
883.8	875.37	9473	1300	1327	1325	1358	1317	1416	1430
883.5	875.09	9450	1355	1350	1363	1262	1352	1310	1458
883.2	874.88	9449	1394	1341	1319	1356	1357	1350	1332
882.9	874.5	9572	1327	1444	1424	1400	1238	1351	1388
882.6	874.15	9357	1238	1446	1282	1281	1378	1405	1327
882.3	873.87	9632	1325	1469	1303	1433	1286	1468	1348
882	873.6	9590	1409	1362	1352	1348	1418	1368	1333
881.7	873.34	9429	1306	1276	1457	1334	1337	1305	1414
881.4	873.06	9298	1278	1301	1378	1314	1293	1374	1360
881.1	872.72	9517	1301	1299	1389	1362	1385	1397	1384
880.8	872.46	9514	1384	1380	1381	1293	1343	1332	1401
880.5	872.22	9402	1378	1384	1279	1294	1322	1395	1350
880.2	871.97	9566	1412	1367	1312	1280	1375	1355	1465
879.9	871.58	9214	1324	1357	1274	1352	1292	1312	1303
879.6	871.26	9355	1350	1299	1345	1333	1279	1358	1391
879.3	870.96	9329	1321	1360	1387	1285	1375	1249	1352
879	870.58	9275	1318	1350	1277	1335	1387	1285	1323
878.7	870.38	9365	1393	1287	1306	1302	1333	1366	1378
878.4	870.2	9500	1371	1430	1276	1372	1322	1336	1393
878.1	869.87	9698	1363	1390	1353	1412	1350	1395	1435
877.8	869.59	9494	1369	1310	1375	1434	1303	1362	1341
877.5	869.24	9526	1287	1460	1314	1388	1337	1356	1384
877.2	868.85	9665	1320	1403	1323	1380	1412	1361	1466
876.9	868.58	9451	1360	1316	1345	1336	1299	1456	1339
876.6	868.2	9587	1407	1292	1298	1371	1407	1391	1421
876.3	867.9	9668	1374	1322	1428	1450	1316	1408	1370
876	867.73	9714	1389	1404	1329	1416	1415	1325	1436
875.7	867.44	9889	1339	1383	1376	1429	1444	1467	1451
875.4	867.22	9641	1347	1317	1434	1363	1326	1433	1421
875.1	866.84	9526	1296	1310	1447	1279	1359	1404	1431
874.8	866.52	9608	1430	1356	1315	1398	1380	1342	1387
874.5	866.22	9514	1359	1386	1277	1337	1365	1421	1369
874.2	865.96	9533	1355	1315	1369	1419	1360	1340	1375
873.9	865.64	9181	1398	1216	1347	1343	1246	1366	1265
873.6	865.18	9782	1408	1457	1408	1386	1335	1362	1426
873.3	865.06	9242	1325	1291	1261	1325	1345	1376	1319
873	864.66	9430	1280	1401	1338	1353	1320	1360	1378
872.7	864.3	9442	1415	1330	1259	1352	1394	1360	1332
872.4	864.1	9548	1336	1368	1380	1301	1413	1394	1356
872.1	863.72	9394	1361	1326	1329	1366	1348	1370	1294
871.8	863.48	9312	1281	1320	1360	1318	1309	1414	1310
871.5	863.14	9345	1347	1265	1266	1390	1355	1358	1364
871.2	862.85	9508	1343	1351	1383	1354	1349	1294	1434
870.9	862.64	9371	1356	1299	1391	1366	1294	1352	1313
870.6	862.29	9462	1343	1425	1390	1275	1312	1294	1423
870.3	861.93	9457	1289	1351	1374	1354	1341	1371	1377
870	861.68	9316	1289	1308	1317	1339	1365	1325	1373
