Scans: 1	Points: 2340	time: 333.000000
Energy(calc)	Energy(meas)	Sum	Scan1
1300	1284.95	1021	1021
1299.5	1284.87	815	815
1299	1284.24	847	847
1298.5	1283.62	821	821
1298	1283.58	817	817
1297.5	1283.02	871	871
1297	1282.45	899	899
1296.5	1281.83	940	940
1296	1281.21	859	859
1295.5	1281.23	918	918
1295	1280.62	844	844
1294.5	1280.05	884	884
1294	1279.43	852	852
1293.5	1278.76	876	876
1293	1278.18	906	906
1292.5	1278.2	898	898
1292	1277.61	857	857
1291.5	1277.02	857	857
1291	1276.39	827	827
1290.5	1275.79	885	885
1290	1275.79	807	807
1289.5	1275.25	891	891
1289	1274.63	855	855
1288.5	1273.95	873	873
1288	1273.39	956	956
1287.5	1272.85	918	918
1287	1272.82	941	941
1286.5	1272.23	901	901
1286	1271.59	864	864
1285.5	1270.99	838	838
1285	1270.42	883	883
1284.5	1270.43	870	870
1284	1269.81	892	892
1283.5	1269.19	845	845
1283	1268.61	911	911
1282.5	1268.01	925	925
1282	1267.43	941	941
1281.5	1267.43	788	788
1281	1266.77	888	888
1280.5	1266.17	913	913
1280	1265.65	835	835
1279.5	1265.1	918	918
1279	1265.1	800	800
1278.5	1264.52	879	879
1278	1263.9	916	916
1277.5	1263.34	834	834
1277	1262.79	869	869
1276.5	1262.16	914	914
1276	1262.16	794	794
1275.5	1261.58	909	909
1275	1261.01	878	878
1274.5	1260.43	832	832
1274	1259.88	866	866
1273.5	1259.86	924	924
1273	1259.28	903	903
1272.5	1258.76	913	913
1272	1258.18	861	861
1271.5	1257.58	916	916
1271	1256.97	911	911
1270.5	1256.96	875	875
1270	1256.34	846	846
1269.5	1255.79	963	963
1269	1255.2	916	916
1268.5	1254.55	891	891
1268	1253.98	795	795
1267.5	1253.97	816	816
1267	1253.38	894	894
1266.5	1252.75	884	884
1266	1252.08	850	850
1265.5	1251.44	855	855
1265	1251.47	842	842
1264.5	1250.87	918	918
1264	1250.22	962	962
1263.5	1249.6	839	839
1263	1248.99	920	920
1262.5	1248.36	873	873
1262	1248.37	926	926
1261.5	1247.78	811	811
1261	1247.1	845	845
1260.5	1246.46	909	909
1260	1245.89	870	870
1259.5	1245.84	885	885
1259	1245.23	851	851
1258.5	1244.59	876	876
1258	1243.98	911	911
1257.5	1243.42	883	883
1257	1242.82	908	908
1256.5	1242.82	875	875
1256	1242.17	887	887
1255.5	1241.6	916	916
1255	1241.02	833	833
1254.5	1240.42	836	836
1254	1240.42	894	894
1253.5	1239.78	867	867
1253	1239.18	939	939
1252.5	1238.63	914	914
1252	1238.01	915	915
1251.5	1237.37	851	851
1251	1237.4	888	888
1250.5	1236.79	889	889
1250	1236.19	880	880
1249.5	1235.61	891	891
1249	1234.97	916	916
1248.5	1234.96	928	928
1248	1234.41	916	916
1247.5	1233.82	928	928
1247	1233.2	875	875
1246.5	1232.56	873	873
1246	1231.97	927	927
1245.5	1231.96	877	877
1245	1231.41	905	905
1244.5	1230.82	875	875
1244	1230.17	941	941
1243.5	1229.58	838	838
1243	1229.59	908	908
1242.5	1228.99	913	913
1242	1228.4	859	859
1241.5	1227.79	853	853
1241	1227.13	874	874
1240.5	1226.56	901	901
1240	1226.56	941	941
1239.5	1225.96	918	918
1239	1225.31	912	912
1238.5	1224.75	907	907
1238	1224.19	898	898
1237.5	1224.17	866	866
1237	1223.6	903	903
1236.5	1222.95	928	928
1236	1222.32	940	940
1235.5	1221.78	935	935
1235	1221.18	886	886
1234.5	1221.17	949	949
1234	1220.56	949	949
1233.5	1219.94	908	908
1233	1219.34	915	915
1232.5	1218.78	860	860
1232	1218.78	915	915
1231.5	1218.13	772	772
1231	1217.53	872	872
1230.5	1216.95	833	833
1230	1216.34	850	850
1229.5	1215.72	862	862
1229	1215.74	909	909
1228.5	1215.12	862	862
1228	1214.56	890	890
1227.5	1213.96	944	944
1227	1213.3	890	890
1226.5	1213.3	923	923
1226	1212.69	891	891
1225.5	1212.09	921	921
1225	1211.51	854	854
1224.5	1210.91	867	867
1224	1210.27	833	833
1223.5	1210.29	960	960
1223	1209.71	883	883
1222.5	1209.1	885	885
1222	1208.49	872	872
1221.5	1207.85	946	946
1221	1207.25	963	963
1220.5	1207.25	874	874
1220	1206.67	864	864
1219.5	1206.03	927	927
1219	1205.43	927	927
1218.5	1204.88	866	866
1218	1204.86	883	883
1217.5	1204.29	923	923
1217	1203.66	866	866
1216.5	1203.02	931	931
1216	1202.45	904	904
1215.5	1201.87	925	925
1215	1201.85	892	892
1214.5	1201.25	949	949
1214	1200.64	864	864
1213.5	1200.04	938	938
1213	1199.46	953	953
1212.5	1199.47	826	826
1212	1198.86	985	985
1211.5	1198.23	941	941
1211	1197.66	895	895
1210.5	1197.06	976	976
1210	1196.43	897	897
1209.5	1196.43	900	900
1209	1195.8	934	934
1208.5	1195.23	938	938
1208	1194.66	955	955
1207.5	1194.03	888	888
1207	1194.02	975	975
1206.5	1193.4	897	897
1206	1192.81	921	921
1205.5	1192.23	931	931
1205	1191.64	881	881
1204.5	1190.99	920	920
1204	1190.99	913	913
1203.5	1190.41	906	906
1203	1189.82	874	874
1202.5	1189.23	914	914
1202	1188.59	915	915
1201.5	1188.56	923	923
1201	1187.96	966	966
1200.5	1187.37	887	887
1200	1186.73	838	838
1199.5	1186.11	899	899
1199	1185.5	892	892
1198.5	1185.5	931	931
1198	1184.94	938	938
1197.5	1184.32	876	876
1197	1183.66	874	874
1196.5	1183.09	943	943
1196	1183.08	878	878
1195.5	1182.48	960	960
1195	1181.9	891	891
1194.5	1181.25	833	833
1194	1180.6	866	866
1193.5	1180.06	940	940
1193	1180.05	835	835
1192.5	1179.41	858	858
1192	1178.8	913	913
1191.5	1178.2	919	919
1191	1177.63	971	971
1190.5	1177.65	867	867
1190	1177.03	914	914
1189.5	1176.38	854	854
1189	1175.81	945	945
1188.5	1175.23	925	925
1188	1174.59	935	935
1187.5	1174.6	863	863
1187	1173.94	875	875
1186.5	1173.33	933	933
1186	1172.76	958	958
1185.5	1172.16	934	934
1185	1172.15	1009	1009
1184.5	1171.56	1059	1059
1184	1170.94	924	924
1183.5	1170.3	925	925
1183	1169.72	896	896
1182.5	1169.1	868	868
1182	1169.08	943	943
1181.5	1168.47	898	898
1181	1167.88	935	935
1180.5	1167.25	869	869
1180	1166.62	903	903
1179.5	1166.64	875	875
1179	1166.03	832	832
1178.5	1165.45	864	864
1178	1164.87	956	956
1177.5	1164.2	945	945
1177	1163.61	986	986
1176.5	1163.63	921	921
1176	1163.05	908	908
1175.5	1162.44	950	950
1175	1161.82	906	906
1174.5	1161.22	900	900
1174	1160.62	936	936
1173.5	1160.64	934	934
1173	1160.07	993	993
1172.5	1159.4	995	995
1172	1158.8	932	932
1171.5	1158.25	1003	1003
1171	1158.2	917	917
1170.5	1157.62	886	886
1170	1157.02	910	910
1169.5	1156.39	928	928
1169	1155.84	958	958
1168.5	1155.25	885	885
1168	1155.23	970	970
1167.5	1154.58	927	927
1167	1153.99	909	909
1166.5	1153.4	959	959
1166	1152.82	964	964
1165.5	1152.85	947	947
1165	1152.18	933	933
1164.5	1151.58	840	840
1164	1151.01	959	959
1163.5	1150.44	879	879
1163	1149.78	956	956
1162.5	1149.81	961	961
1162	1149.17	916	916
1161.5	1148.58	863	863
1161	1148.01	928	928
1160.5	1147.38	932	932
1160	1147.36	939	939
1159.5	1146.79	930	930
1159	1146.21	926	926
1158.5	1145.62	954	954
1158	1145	869	869
1157.5	1144.39	903	903
1157	1144.38	966	966
1156.5	1143.79	983	983
1156	1143.21	976	976
1155.5	1142.56	932	932
1155	1141.96	925	925
1154.5	1141.96	926	926
1154	1141.36	910	910
1153.5	1140.81	942	942
1153	1140.2	838	838
1152.5	1139.57	929	929
1152	1138.99	977	977
1151.5	1138.97	969	969
1151	1138.38	896	896
1150.5	1137.8	1016	1016
1150	1137.15	975	975
1149.5	1136.57	922	922
1149	1136.58	967	967
1148.5	1136.01	900	900
1148	1135.35	1012	1012
1147.5	1134.73	908	908
1147	1134.15	997	997
1146.5	1133.55	892	892
1146	1133.57	925	925
1145.5	1132.94	973	973
1145	1132.29	987	987
1144.5	1131.72	884	884
1144	1131.15	922	922
1143.5	1131.14	948	948
1143	1130.53	881	881
1142.5	1129.87	1055	1055
1142	1129.26	994	994
1141.5	1128.72	898	898
1141	1128.11	887	887
1140.5	1128.09	884	884
1140	1127.48	1018	1018
1139.5	1126.92	975	975
1139	1126.33	923	923
1138.5	1125.73	999	999
1138	1125.74	931	931
1137.5	1125.07	908	908
1137	1124.5	936	936
1136.5	1123.95	926	926
1136	1123.32	996	996
1135.5	1122.68	946	946
1135	1122.69	974	974
1134.5	1122.08	906	906
1134	1121.53	933	933
1133.5	1120.93	991	991
1133	1120.26	1013	1013
1132.5	1119.67	1105	1105
1132	1119.68	1000	1000
1131.5	1119.11	1074	1074
1131	1118.53	1080	1080
1130.5	1117.89	1092	1092
1130	1117.29	1024	1024
1129.5	1117.28	1109	1109
1129	1116.75	1046	1046
1128.5	1116.11	1090	1090
1128	1115.47	991	991
1127.5	1114.86	1058	1058
1127	1114.29	1165	1165
1126.5	1114.32	1092	1092
1126	1113.71	1147	1147
1125.5	1113.07	1079	1079
1125	1112.45	1048	1048
1124.5	1111.91	986	986
1124	1111.89	1169	1169
1123.5	1111.3	1032	1032
1123	1110.67	998	998
1122.5	1110.04	1100	1100
1122	1109.48	1074	1074
1121.5	1108.97	1017	1017
1121	1108.97	1080	1080
1120.5	1108.39	1013	1013
1120	1107.83	953	953
1119.5	1107.25	973	973
1119	1106.66	996	996
1118.5	1106.69	1019	1019
1118	1106.09	1034	1034
1117.5	1105.46	1010	1010
1117	1104.91	975	975
1116.5	1104.36	1016	1016
1116	1103.74	933	933
1115.5	1103.78	986	986
1115	1103.18	1051	1051
1114.5	1102.61	996	996
1114	1102.09	1040	1040
1113.5	1101.52	994	994
1113	1101.47	1013	1013
1112.5	1100.86	993	993
1112	1100.26	955	955
1111.5	1099.68	1033	1033
1111	1099.1	1014	1014
1110.5	1098.46	973	973
1110	1098.44	1017	1017
1109.5	1097.86	1075	1075
1109	1097.28	1030	1030
1108.5	1096.64	985	985
1108	1096.01	1019	1019
1107.5	1096.01	1105	1105
1107	1095.38	1073	1073
1106.5	1094.81	1005	1005
1106	1094.21	979	979
1105.5	1093.57	1083	1083
1105	1092.96	1016	1016
1104.5	1092.96	1011	1011
1104	1092.36	1002	1002
1103.5	1091.76	1015	1015
1103	1091.14	1037	1037
1102.5	1090.47	1056	1056
1102	1090.48	1081	1081
1101.5	1089.89	1062	1062
1101	1089.29	1072	1072
1100.5	1088.62	1019	1019
1100	1088.04	1042	1042
1099.5	1087.45	981	981
1099	1087.46	1052	1052
1098.5	1086.87	1079	1079
1098	1086.2	1065	1065
1097.5	1085.62	1043	1043
1097	1085.03	1002	1002
1096.5	1085.03	1058	1058
1096	1084.44	969	969
1095.5	1083.82	1059	1059
1095	1083.19	1098	1098
1094.5	1082.61	1098	1098
1094	1082.04	1082	1082
1093.5	1082.05	984	984
1093	1081.43	998	998
1092.5	1080.82	1067	1067
1092	1080.25	1039	1039
1091.5	1079.67	1028	1028
1091	1079.66	1031	1031
1090.5	1079.04	1086	1086
1090	1078.42	1074	1074
1089.5	1077.84	1057	1057
1089	1077.27	1094	1094
1088.5	1076.62	1060	1060
1088	1076.63	1049	1049
1087.5	1076.04	1066	1066
1087	1075.43	1098	1098
1086.5	1074.83	1042	1042
1086	1074.23	1074	1074
1085.5	1073.61	1115	1115
1085	1073.6	1037	1037
1084.5	1073.02	1046	1046
1084	1072.42	1035	1035
1083.5	1071.81	1050	1050
1083	1071.21	1000	1000
1082.5	1071.17	1106	1106
1082	1070.6	972	972
1081.5	1070.03	1042	1042
1081	1069.38	1039	1039
1080.5	1068.77	1072	1072
1080	1068.2	1128	1128
1079.5	1068.19	1108	1108
1079	1067.59	967	967
1078.5	1067	1071	1071
1078	1066.37	1119	1119
1077.5	1065.77	1077	1077
1077	1065.81	1083	1083
1076.5	1065.23	1054	1054
1076	1064.59	1062	1062
1075.5	1063.98	1040	1040
1075	1063.39	1082	1082
1074.5	1062.8	1060	1060
1074	1062.82	1078	1078
1073.5	1062.21	1034	1034
1073	1061.56	1022	1022
1072.5	1061	1057	1057
1072	1060.43	1142	1142
1071.5	1060.4	1131	1131
1071	1059.82	1045	1045
1070.5	1059.17	1017	1017
1070	1058.58	1045	1045
1069.5	1058.01	1011	1011
1069	1057.4	1131	1131
1068.5	1057.38	1045	1045
1068	1056.73	1058	1058
1067.5	1056.15	955	955
1067	1055.57	1069	1069
1066.5	1054.96	1050	1050
1066	1054.96	1113	1113
1065.5	1054.34	1055	1055
1065	1053.74	1044	1044
1064.5	1053.17	1032	1032
1064	1052.55	1020	1020
1063.5	1051.92	1125	1125
1063	1051.93	986	986
1062.5	1051.33	1026	1026
1062	1050.72	1031	1031
1061.5	1050.13	1102	1102
1061	1049.49	1035	1035
1060.5	1049.46	1111	1111
1060	1048.9	1113	1113
1059.5	1048.32	1086	1086
1059	1047.71	1043	1043
1058.5	1047.1	1082	1082
1058	1046.49	1104	1104
1057.5	1046.47	1115	1115
1057	1045.93	1046	1046
1056.5	1045.3	1093	1093
1056	1044.67	1125	1125
1055.5	1044.09	1036	1036
1055	1044.06	1064	1064
1054.5	1043.48	1091	1091
1054	1042.88	1084	1084
1053.5	1042.27	1206	1206
1053	1041.67	1071	1071
1052.5	1041.11	1093	1093
1052	1041.1	1049	1049
1051.5	1040.49	1032	1032
1051	1039.89	1094	1094
1050.5	1039.29	1092	1092
1050	1038.69	1080	1080
1049.5	1038.71	1122	1122
1049	1038.11	1104	1104
1048.5	1037.44	1052	1052
1048	1036.85	1099	1099
1047.5	1036.28	1029	1029
1047	1035.66	1043	1043
1046.5	1035.67	1104	1104
1046	1035.06	1110	1110
1045.5	1034.43	1124	1124
1045	1033.85	1091	1091
1044.5	1033.28	937	937
1044	1032.63	1093	1093
1043.5	1032.64	1116	1116
1043	1032.04	1064	1064
1042.5	1031.45	1116	1116
1042	1030.83	1062	1062
1041.5	1030.21	1138	1138
1041	1030.19	1135	1135
1040.5	1029.58	1121	1121
1040	1029.01	1090	1090
1039.5	1028.39	1128	1128
1039	1027.75	1088	1088
1038.5	1027.14	1111	1111
1038	1027.14	1142	1142
1037.5	1026.56	1167	1167
1037	1025.99	1096	1096
1036.5	1025.32	1066	1066
1036	1024.69	1132	1132
1035.5	1024.71	1018	1018
1035	1024.08	1143	1143
1034.5	1023.5	1112	1112
1034	1022.88	1123	1123
1033.5	1022.26	1120	1120
1033	1021.69	1174	1174
1032.5	1021.69	1114	1114
1032	1021.09	1102	1102
1031.5	1020.5	1172	1172
1031	1019.87	1107	1107
1030.5	1019.28	1073	1073
1030	1019.3	1083	1083
1029.5	1018.7	1066	1066
1029	1018.04	1096	1096
1028.5	1017.39	1062	1062
1028	1016.84	1118	1118
1027.5	1016.2	1068	1068
1027	1016.19	1080	1080
1026.5	1015.57	1125	1125
1026	1014.97	1080	1080
1025.5	1014.35	1130	1130
1025	1013.8	1133	1133
1024.5	1013.78	1101	1101
1024	1013.14	1174	1174
1023.5	1012.53	1096	1096
1023	1011.91	1165	1165
1022.5	1011.31	1101	1101
1022	1010.68	1142	1142
1021.5	1010.68	1113	1113
1021	1010.07	1068	1068
1020.5	1009.51	1118	1118
1020	1008.9	1175	1175
1019.5	1008.29	1120	1120
1019	1008.29	1247	1247
1018.5	1007.64	1068	1068
1018	1007.06	1140	1140
1017.5	1006.51	1179	1179
1017	1005.84	1185	1185
1016.5	1005.24	1215	1215
1016	1005.26	1261	1261
1015.5	1004.67	1135	1135
1015	1004.09	1164	1164
1014.5	1003.5	1088	1088
1014	1002.86	1159	1159
1013.5	1002.86	1219	1219
1013	1002.29	1244	1244
1012.5	1001.7	1211	1211
1012	1001.09	1220	1220
1011.5	1000.46	1264	1264
1011	999.88	1246	1246
1010.5	999.85	1294	1294
1010	999.3	1364	1364
1009.5	998.69	1266	1266
1009	998.03	1260	1260
1008.5	997.47	1215	1215
1008	997.46	1243	1243
1007.5	996.86	1199	1199
1007	996.27	1239	1239
1006.5	995.62	1209	1209
1006	995.03	1329	1329
1005.5	994.49	1252	1252
1005	994.45	1225	1225
1004.5	993.86	1254	1254
1004	993.25	1107	1107
1003.5	992.63	1181	1181
1003	992.07	1136	1136
1002.5	992.08	1168	1168
1002	991.45	1222	1222
1001.5	990.83	1246	1246
1001	990.24	1225	1225
1000.5	989.63	1179	1179
1000	989.06	1244	1244
999.5	989.06	1103	1103
999	988.43	1137	1137
998.5	987.84	1174	1174
998	987.28	1233	1233
997.5	986.65	1234	1234
997	986.03	1247	1247
996.5	986.02	1208	1208
996	985.37	1199	1199
995.5	984.86	1320	1320
995	984.27	1214	1214
994.5	983.59	1202	1202
994	983.64	1280	1280
993.5	983.01	1256	1256
993	982.44	1167	1167
992.5	981.87	1266	1266
992	981.21	1233	1233
991.5	980.58	1218	1218
991	980.6	1277	1277
990.5	980.03	1186	1186
990	979.43	1351	1351
989.5	978.78	1235	1235
989	978.2	1314	1314
988.5	978.17	1234	1234
988	977.63	1110	1110
987.5	977.05	1181	1181
987	976.39	1215	1215
986.5	975.76	1193	1193
986	975.21	1350	1350
985.5	975.2	1268	1268
985	974.63	1150	1150
984.5	974.01	1177	1177
984	973.34	1199	1199
983.5	972.79	1218	1218
983	972.8	1261	1261
982.5	972.22	1347	1347
982	971.55	1248	1248
981.5	970.93	1193	1193
981	970.37	1236	1236
980.5	969.81	1299	1299
980	969.82	1198	1198
979.5	969.14	1225	1225
979	968.5	1247	1247
978.5	967.96	1282	1282
978	967.39	1207	1207
977.5	967.4	1186	1186
977	966.76	1316	1316
976.5	966.1	1489	1489
976	965.54	1492	1492
975.5	964.99	1573	1573
975	964.36	1624	1624
974.5	964.36	1654	1654
974	963.73	1508	1508
973.5	963.17	1434	1434
973	962.59	1407	1407
972.5	962.03	1305	1305
972	961.96	1320	1320
971.5	961.38	1322	1322
971	960.76	1336	1336
970.5	960.12	1357	1357
970	959.56	1324	1324
969.5	958.92	1310	1310
969	958.9	1349	1349
968.5	958.39	1363	1363
968	957.78	1340	1340
967.5	957.06	1379	1379
967	956.54	1388	1388
966.5	956.46	1332	1332
966	955.93	1336	1336
965.5	955.37	1276	1276
965	954.71	1284	1284
964.5	954.11	1393	1393
964	953.5	1452	1452
963.5	953.52	1324	1324
963	952.91	1255	1255
962.5	952.27	1365	1365
962	951.62	1346	1346
961.5	951.05	1336	1336
961	951.03	1361	1361
960.5	950.48	1368	1368
960	949.84	1325	1325
959.5	949.18	1384	1384
959	948.6	1370	1370
958.5	948.01	1355	1355
958	948	1376	1376
957.5	947.37	1423	1423
957	946.73	1272	1272
956.5	946.11	1415	1415
956	945.53	1402	1402
955.5	944.93	1400	1400
955	944.93	1473	1473
954.5	944.3	1364	1364
954	943.72	1334	1334
953.5	943.12	1456	1456
953	942.54	1413	1413
952.5	942.53	1387	1387
952	941.89	1472	1472
951.5	941.32	1497	1497
951	940.73	1456	1456
950.5	940.07	1407	1407
950	939.44	1426	1426
949.5	939.43	1496	1496
949	938.84	1440	1440
948.5	938.26	1388	1388
948	937.6	1454	1454
947.5	936.97	1424	1424
947	937	1522	1522
946.5	936.38	1481	1481
946	935.74	1489	1489
945.5	935.18	1557	1557
945	934.54	1492	1492
944.5	933.9	1486	1486
944	933.91	1526	1526
943.5	933.33	1436	1436
943	932.66	1519	1519
942.5	932.05	1435	1435
942	931.47	1452	1452
941.5	931.45	1519	1519
941	930.88	1436	1436
940.5	930.31	1483	1483
940	929.63	1488	1488
939.5	929.05	1466	1466
939	928.48	1420	1420
938.5	928.48	1515	1515
938	927.84	1470	1470
937.5	927.25	1464	1464
937	926.64	1432	1432
936.5	926.15	1409	1409
936	926.06	1553	1553
935.5	925.46	1492	1492
935	924.84	1433	1433
934.5	924.23	1451	1451
934	923.66	1521	1521
933.5	923.07	1500	1500
933	923.05	1441	1441
932.5	922.42	1468	1468
932	921.83	1486	1486
931.5	921.28	1475	1475
931	920.66	1525	1525
930.5	920.66	1483	1483
930	920	1552	1552
929.5	919.42	1505	1505
929	918.88	1501	1501
928.5	918.25	1456	1456
928	917.57	1433	1433
927.5	917.56	1479	1479
927	916.98	1512	1512
926.5	916.43	1442	1442
926	915.85	1420	1420
925.5	915.19	1450	1450
925	915.2	1512	1512
924.5	914.58	1389	1389
924	914.06	1467	1467
923.5	913.44	1496	1496
923	912.78	1411	1411
922.5	912.18	1502	1502
922	912.15	1459	1459
921.5	911.61	1499	1499
921	911.02	1401	1401
920.5	910.35	1379	1379
920	909.7	1462	1462
919.5	909.74	1397	1397
919	909.17	1542	1542
918.5	908.59	1460	1460
918	907.94	1495	1495
917.5	907.32	1466	1466
917	906.78	1494	1494
916.5	906.78	1469	1469
916	906.22	1586	1586
915.5	905.55	1475	1475
915	904.93	1517	1517
914.5	904.41	1533	1533
914	904.4	1423	1423
913.5	903.78	1416	1416
913	903.15	1403	1403
912.5	902.55	1555	1555
912	901.99	1531	1531
911.5	901.38	1520	1520
911	901.4	1469	1469
910.5	900.74	1466	1466
910	900.12	1485	1485
909.5	899.55	1438	1438
909	898.96	1518	1518
908.5	898.31	1550	1550
908	898.32	1417	1417
907.5	897.73	1440	1440
907	897.11	1450	1450
906.5	896.55	1422	1422
906	895.95	1495	1495
905.5	895.93	1478	1478
905	895.29	1448	1448
904.5	894.69	1454	1454
904	894.11	1503	1503
903.5	893.47	1444	1444
903	892.87	1404	1404
902.5	892.86	1452	1452
902	892.29	1380	1380
901.5	891.73	1425	1425
901	891.09	1479	1479
900.5	890.46	1383	1383
900	890.47	1525	1525
899.5	889.88	1403	1403
899	889.29	1305	1305
898.5	888.66	1519	1519
898	888.06	1487	1487
897.5	887.47	1417	1417
897	887.48	1442	1442
896.5	886.93	1470	1470
896	886.28	1435	1435
895.5	885.67	1455	1455
895	885.1	1458	1458
894.5	885.1	1450	1450
894	884.53	1441	1441
893.5	883.89	1385	1385
893	883.26	1427	1427
892.5	882.74	1473	1473
892	882.1	1453	1453
891.5	882.11	1542	1542
891	881.51	1507	1507
890.5	880.87	1413	1413
890	880.27	1383	1383
889.5	879.72	1354	1354
889	879.68	1322	1322
888.5	879.1	1474	1474
888	878.46	1447	1447
887.5	877.85	1450	1450
887	877.31	1353	1353
886.5	876.69	1357	1357
886	876.68	1427	1427
885.5	876.06	1436	1436
885	875.48	1512	1512
884.5	874.87	1429	1429
884	874.23	1406	1406
883.5	874.23	1458	1458
883	873.59	1440	1440
882.5	873	1334	1334
882	872.4	1386	1386
881.5	871.79	1481	1481
881	871.14	1432	1432
880.5	871.14	1472	1472
880	870.56	1456	1456
879.5	869.97	1492	1492
879	869.37	1492	1492
878.5	868.71	1419	1419
878	868.71	1434	1434
877.5	868.08	1438	1438
877	867.53	1543	1543
876.5	866.93	1428	1428
876	866.3	1417	1417
875.5	865.77	1427	1427
875	865.71	1373	1373
874.5	865.11	1376	1376
874	864.54	1482	1482
873.5	863.88	1439	1439
873	863.29	1372	1372
872.5	863.29	1497	1497
872	862.7	1481	1481
871.5	862.05	1365	1365
871	861.41	1494	1494
870.5	860.79	1496	1496
870	860.23	1489	1489
869.5	860.22	1537	1537
869	859.6	1483	1483
868.5	858.95	1452	1452
868	858.41	1498	1498
867.5	857.78	1296	1296
867	857.79	1402	1402
866.5	857.21	1510	1510
866	856.51	1420	1420
865.5	855.92	1431	1431
865	855.33	1407	1407
864.5	854.71	1483	1483
864	854.71	1450	1450
863.5	854.08	1404	1404
863	853.49	1370	1370
862.5	852.92	1471	1471
862	852.31	1357	1357
861.5	851.64	1457	1457
861	851.66	1346	1346
860.5	851.07	1487	1487
860	850.5	1361	1361
859.5	849.88	1500	1500
859	849.24	1399	1399
858.5	849.24	1474	1474
858	848.62	1423	1423
857.5	848.1	1474	1474
857	847.52	1387	1387
856.5	846.86	1389	1389
856	846.26	1401	1401
855.5	846.28	1427	1427
855	845.69	1414	1414
854.5	845.09	1396	1396
854	844.43	1526	1526
853.5	843.87	1440	1440
853	843.87	1419	1419
852.5	843.29	1427	1427
852	842.67	1471	1471
851.5	842.09	1448	1448
851	841.47	1471	1471
850.5	840.88	1514	1514
850	840.88	1474	1474
849.5	840.29	1521	1521
849	839.69	1446	1446
848.5	839.06	1497	1497
848	838.46	1569	1569
847.5	838.49	1521	1521
847	837.91	1469	1469
846.5	837.26	1475	1475
846	836.62	1435	1435
845.5	836.06	1383	1383
845	835.46	1409	1409
844.5	835.48	1518	1518
844	834.84	1525	1525
843.5	834.24	1520	1520
843	833.65	1585	1585
842.5	833.06	1574	1574
842	833.06	1488	1488
841.5	832.42	1605	1605
841	831.8	1529	1529
840.5	831.21	1549	1549
840	830.64	1454	1454
839.5	830.01	1642	1642
839	830.01	1586	1586
838.5	829.39	1521	1521
838	828.84	1670	1670
837.5	828.25	1548	1548
837	827.63	1585	1585
836.5	827.68	1628	1628
836	827	1714	1714
835.5	826.43	1582	1582
835	825.86	1623	1623
834.5	825.23	1654	1654
834	824.57	1610	1610
833.5	824.59	1551	1551
833	824.02	1601	1601
832.5	823.42	1609	1609
832	822.81	1534	1534
831.5	822.17	1691	1691
831	822.19	1591	1591
830.5	821.61	1683	1683
830	821.02	1641	1641
829.5	820.39	1658	1658
829	819.76	1649	1649
828.5	819.2	1602	1602
828	819.21	1743	1743
827.5	818.62	1627	1627
827	818	1653	1653
826.5	817.37	1675	1675
826	816.78	1784	1784
825.5	816.86	1617	1617
825	816.15	1716	1716
824.5	815.56	1730	1730
824	814.94	1742	1742
823.5	814.33	1699	1699
823	813.71	1942	1942
822.5	813.81	1767	1767
822	813.17	1829	1829
821.5	812.52	1829	1829
821	811.96	1788	1788
820.5	811.38	1803	1803
820	810.77	1863	1863
819.5	810.77	1809	1809
819	810.12	1857	1857
818.5	809.53	1937	1937
818	808.97	1775	1775
817.5	808.37	1862	1862
817	808.36	1815	1815
816.5	807.8	1993	1993
816	807.16	1895	1895
815.5	806.58	1847	1847
815	806	1809	1809
814.5	805.31	2001	2001
814	805.32	1935	1935
813.5	804.7	1959	1959
813	804.16	1945	1945
812.5	803.55	1848	1848
812	802.93	2039	2039
811.5	802.92	1954	1954
811	802.31	1882	1882
810.5	801.77	1791	1791
810	801.14	1956	1956
809.5	800.49	1983	1983
809	799.9	1945	1945
808.5	799.91	1964	1964
808	799.37	1994	1994
807.5	798.77	1969	1969
807	798.14	1900	1900
806.5	797.53	1937	1937
806	797.51	1933	1933
805.5	796.95	1910	1910
805	796.43	2004	2004
804.5	795.85	2078	2078
804	795.23	1911	1911
803.5	794.68	2018	2018
803	794.69	2019	2019
802.5	794.16	1861	1861
802	793.55	1874	1874
801.5	792.92	1849	1849
801	792.38	1852	1852
800.5	792.39	1990	1990
800	791.8	1960	1960
799.5	791.2	1945	1945
799	790.64	1874	1874
798.5	790.08	1942	1942
798	789.54	1868	1868
797.5	789.55	1972	1972
797	788.97	1857	1857
796.5	788.33	1980	1980
796	787.71	1917	1917
795.5	787.16	1876	1876
795	787.13	2009	2009
794.5	786.56	1875	1875
794	785.9	1930	1930
793.5	785.27	1982	1982
793	784.73	1934	1934
792.5	784.14	2000	2000
792	784.12	1975	1975
791.5	783.43	1981	1981
791	782.84	1873	1873
790.5	782.28	1945	1945
790	781.67	1988	1988
789.5	781.67	1904	1904
789	781.01	1998	1998
788.5	780.4	1854	1854
788	779.83	1904	1904
787.5	779.25	1867	1867
787	778.56	1892	1892
786.5	778.58	1954	1954
786	777.95	2006	2006
785.5	777.38	1845	1845
785	776.79	1945	1945
784.5	776.1	1958	1958
784	776.09	1935	1935
783.5	775.48	1956	1956
783	774.93	1833	1833
782.5	774.36	1907	1907
782	773.68	1885	1885
781.5	773.08	1881	1881
781	773.06	1890	1890
780.5	772.52	1875	1875
780	771.95	1932	1932
779.5	771.31	1879	1879
779	770.67	1903	1903
778.5	770.68	1981	1981
778	770.12	1959	1959
777.5	769.56	2005	2005
777	768.91	1961	1961
776.5	768.27	1953	1953
776	767.7	1898	1898
775.5	767.71	1916	1916
775	767.13	1823	1823
774.5	766.49	1929	1929
774	765.86	1922	1922
773.5	765.31	2046	2046
773	764.72	1864	1864
772.5	764.73	1860	1860
772	764.08	1838	1838
771.5	763.49	1956	1956
771	762.89	1947	1947
770.5	762.31	1896	1896
770	762.31	1836	1836
769.5	761.69	1802	1802
769	761.09	2007	2007
768.5	760.5	1877	1877
768	759.91	1975	1975
767.5	759.3	1841	1841
767	759.3	1953	1953
766.5	758.66	1885	1885
766	758.09	1912	1912
765.5	757.5	1846	1846
765	756.88	1835	1835
764.5	756.86	1952	1952
764	756.25	1812	1812
763.5	755.64	1797	1797
763	755.09	1992	1992
762.5	754.47	1870	1870
762	753.83	1912	1912
761.5	753.84	1910	1910
761	753.27	1855	1855
760.5	752.68	1874	1874
760	752.08	1934	1934
759.5	751.44	1848	1848
759	751.42	1818	1818
758.5	750.86	1918	1918
758	750.28	1853	1853
757.5	749.67	1811	1811
757	749.03	1850	1850
756.5	748.44	1897	1897
756	748.43	1817	1817
755.5	747.89	1848	1848
755	747.26	1919	1919
754.5	746.6	1938	1938
754	746.04	1823	1823
753.5	746.03	1887	1887
753	745.46	1883	1883
752.5	744.85	1875	1875
752	744.19	1899	1899
751.5	743.61	1908	1908
751	743.04	1937	1937
750.5	743.04	1918	1918
750	742.42	1879	1879
749.5	741.79	1959	1959
749	741.18	1864	1864
748.5	740.64	1886	1886
748	740.61	1807	1807
747.5	740.02	1811	1811
747	739.37	1942	1942
746.5	738.75	1881	1881
746	738.2	1929	1929
745.5	737.59	1963	1963
745	737.58	1863	1863
744.5	736.91	1853	1853
744	736.32	1818	1818
743.5	735.78	1864	1864
743	735.18	1838	1838
742.5	735.18	1881	1881
742	734.52	1974	1974
741.5	733.94	1829	1829
741	733.38	1880	1880
740.5	732.8	1840	1840
740	732.13	1920	1920
739.5	732.14	1959	1959
739	731.51	1958	1958
738.5	730.98	1997	1997
738	730.4	1888	1888
737.5	729.73	1988	1988
737	729.75	2024	2024
736.5	729.16	1846	1846
736	728.58	1934	1934
735.5	728.01	2010	2010
735	727.36	1764	1764
734.5	726.73	1890	1890
734	726.73	1965	1965
733.5	726.18	1916	1916
733	725.57	1922	1922
732.5	724.94	1947	1947
732	724.32	2070	2070
731.5	723.75	2187	2187
731	723.77	2266	2266
730.5	723.19	2344	2344
730	722.51	2387	2387
729.5	721.9	2521	2521
729	721.34	2402	2402
728.5	721.33	2384	2384
728	720.75	2360	2360
727.5	720.13	2343	2343
727	719.49	2163	2163
726.5	718.92	2021	2021
726	718.32	1943	1943
725.5	718.3	1896	1896
725	717.65	1890	1890
724.5	717.03	1898	1898
724	716.44	1829	1829
723.5	715.85	2065	2065
723	715.86	1888	1888
722.5	715.22	1921	1921
722	714.58	2038	2038
721.5	714.03	1947	1947
721	713.44	1916	1916
720.5	712.82	1994	1994
720	712.84	2002	2002
719.5	712.18	1983	1983
719	711.58	1903	1903
718.5	711.01	1910	1910
718	710.36	2014	2014
717.5	710.35	2109	2109
717	709.75	2032	2032
716.5	709.19	1931	1931
716	708.59	2135	2135
715.5	707.96	2005	2005
715	707.34	2042	2042
714.5	707.32	2056	2056
714	706.77	1938	1938
713.5	706.17	2064	2064
713	705.52	2109	2109
712.5	704.88	1958	1958
712	704.9	2007	2007
711.5	704.32	2122	2122
711	703.73	1954	1954
710.5	703.07	1997	1997
710	702.47	2043	2043
709.5	701.87	1958	1958
709	701.87	2100	2100
708.5	701.28	2089	2089
708	700.64	2054	2054
707.5	699.99	1982	1982
707	699.41	1998	1998
706.5	699.4	2161	2161
706	698.83	2088	2088
705.5	698.15	2093	2093
705	697.52	2080	2080
704.5	696.95	2142	2142
704	696.38	2127	2127
703.5	696.4	2089	2089
703	695.75	2134	2134
702.5	695.12	2023	2023
702	694.54	2144	2144
701.5	694	2104	2104
701	694	2077	2077
700.5	693.36	2096	2096
700	692.73	2068	2068
699.5	692.17	2139	2139
699	691.6	2184	2184
698.5	690.97	2227	2227
698	690.97	2108	2108
697.5	690.33	2173	2173
697	689.75	2120	2120
696.5	689.21	2087	2087
696	688.56	2041	2041
695.5	688.57	2063	2063
695	687.92	2207	2207
694.5	687.35	2179	2179
694	686.78	2102	2102
693.5	686.15	2130	2130
693	685.52	2073	2073
692.5	685.5	2182	2182
692	684.96	2245	2245
691.5	684.39	2125	2125
691	683.77	2207	2207
690.5	683.11	2072	2072
690	683.11	2068	2068
689.5	682.55	2112	2112
689	681.97	2105	2105
688.5	681.36	2179	2179
688	680.74	2027	2027
687.5	680.13	2123	2123
687	680.14	2089	2089
686.5	679.56	2068	2068
686	678.93	2041	2041
685.5	678.29	2158	2158
685	677.7	2296	2296
684.5	677.13	2173	2173
684	677.13	2151	2151
683.5	676.51	2141	2141
683	675.87	2175	2175
682.5	675.29	2075	2075
682	674.73	2108	2108
681.5	674.74	2052	2052
681	674.16	2123	2123
680.5	673.47	2136	2136
680	672.88	2269	2269
679.5	672.33	2016	2016
679	671.73	2184	2184
678.5	671.75	2100	2100
678	671.08	2157	2157
677.5	670.48	2209	2209
677	669.93	2130	2130
676.5	669.36	2175	2175
676	669.34	2111	2111
675.5	668.68	2134	2134
675	668.08	2130	2130
674.5	667.51	2172	2172
674	666.91	2167	2167
673.5	666.26	2231	2231
673	666.25	2174	2174
672.5	665.65	2136	2136
672	665.1	2146	2146
671.5	664.51	2200	2200
671	663.87	2214	2214
670.5	663.88	2279	2279
670	663.26	2097	2097
669.5	662.66	2031	2031
669	662.1	2231	2231
668.5	661.46	2188	2188
668	660.83	2167	2167
667.5	660.83	2245	2245
667	660.23	2203	2203
666.5	659.64	2202	2202
666	659.02	2175	2175
665.5	658.4	2217	2217
665	658.38	2179	2179
664.5	657.83	2198	2198
664	657.25	2168	2168
663.5	656.59	2220	2220
663	656	2118	2118
662.5	655.44	2145	2145
662	655.42	2088	2088
661.5	654.86	2154	2154
661	654.22	2185	2185
660.5	653.59	2187	2187
660	653.02	2158	2158
659.5	653.03	2223	2223
659	652.45	2235	2235
658.5	651.82	2184	2184
658	651.2	2161	2161
657.5	650.62	2222	2222
657	650.06	2150	2150
656.5	650.08	2166	2166
656	649.44	2218	2218
655.5	648.78	2229	2229
655	648.22	2186	2186
654.5	647.63	2279	2279
654	647.62	2069	2069
653.5	647.03	2209	2209
653	646.39	2138	2138
652.5	645.79	2163	2163
652	645.25	2279	2279
651.5	644.64	2241	2241
651	644.61	2245	2245
650.5	644	2139	2139
650	643.4	2203	2203
649.5	642.8	2152	2152
649	642.19	2047	2047
648.5	642.2	2195	2195
648	641.57	2241	2241
647.5	640.99	2142	2142
647	640.45	2214	2214
646.5	639.87	2308	2308
646	639.22	2118	2118
645.5	639.24	2194	2194
645	638.64	2214	2214
644.5	638.09	2045	2045
644	637.49	2153	2153
643.5	636.84	2274	2274
643	636.27	2162	2162
642.5	636.27	2137	2137
642	635.72	2178	2178
641.5	635.13	2124	2124
641	634.51	2136	2136
640.5	633.94	2244	2244
640	633.91	2180	2180
639.5	633.39	2208	2208
639	632.8	2170	2170
638.5	632.17	2205	2205
638	631.55	2191	2191
637.5	630.99	2238	2238
637	630.99	2230	2230
636.5	630.4	2211	2211
636	629.77	2066	2066
635.5	629.14	2208	2208
635	628.57	2113	2113
634.5	628.58	2111	2111
634	627.95	2202	2202
633.5	627.28	2269	2269
633	626.68	2181	2181
632.5	626.1	2115	2115
632	625.47	2166	2166
631.5	625.48	2228	2228
631	624.85	2174	2174
630.5	624.2	2154	2154
630	623.64	2187	2187
629.5	623	2156	2156
629	623.01	2123	2123
628.5	622.41	2109	2109
628	621.72	2221	2221
627.5	621.12	2188	2188
627	620.51	2242	2242
626.5	619.85	2238	2238
626	619.83	2159	2159
625.5	619.23	2108	2108
625	618.67	2291	2291
624.5	618.06	2192	2192
624	617.42	2065	2065
623.5	617.42	2269	2269
623	616.82	2276	2276
622.5	616.28	2079	2079
622	615.7	2262	2262
621.5	615.05	2041	2041
621	614.42	2195	2195
620.5	614.42	2299	2299
620	613.84	2165	2165
619.5	613.28	2076	2076
619	612.66	2251	2251
618.5	612.04	2280	2280
618	612.04	2205	2205
617.5	611.46	2172	2172
617	610.87	2061	2061
616.5	610.25	2229	2229
616	609.62	2186	2186
615.5	609.04	1993	1993
615	609.05	2313	2313
614.5	608.47	2287	2287
614	607.81	2145	2145
613.5	607.23	2186	2186
613	606.65	2204	2204
612.5	606.63	2039	2039
612	606.06	2296	2296
611.5	605.43	2165	2165
611	604.8	2152	2152
610.5	604.24	2196	2196
610	603.67	2165	2165
609.5	603.64	2264	2264
609	603.06	2144	2144
608.5	602.41	2089	2089
608	601.8	2237	2237
607.5	601.24	2221	2221
607	601.24	2099	2099
606.5	600.59	2312	2312
606	599.99	2101	2101
605.5	599.4	2221	2221
605	598.82	2207	2207
604.5	598.21	2287	2287
604	598.21	2081	2081
603.5	597.57	2218	2218
603	597.02	2224	2224
602.5	596.44	2184	2184
602	595.82	2127	2127
601.5	595.81	2247	2247
601	595.18	2214	2214
600.5	594.59	2177	2177
600	594.03	2168	2168
599.5	593.42	2284	2284
599	592.79	2290	2290
598.5	592.8	2348	2348
598	592.21	2124	2124
597.5	591.6	2162	2162
597	591.01	2126	2126
596.5	590.37	2243	2243
596	589.79	2351	2351
595.5	589.79	2257	2257
595	589.22	2203	2203
594.5	588.59	2294	2294
594	587.97	2130	2130
593.5	587.38	2326	2326
593	587.39	2239	2239
592.5	586.8	2247	2247
592	586.2	2226	2226
591.5	585.56	2256	2256
591	584.95	2394	2394
590.5	584.38	2310	2310
590	584.35	2094	2094
589.5	583.76	2177	2177
589	583.13	2149	2149
588.5	582.5	2320	2320
588	581.93	2072	2072
587.5	581.95	2283	2283
587	581.31	2186	2186
586.5	580.68	2184	2184
586	580.09	2272	2272
585.5	579.51	2174	2174
585	578.92	2312	2312
584.5	578.92	2167	2167
584	578.28	2225	2225
583.5	577.69	2156	2156
583	577.13	2363	2363
582.5	576.53	2231	2231
582	576.51	2233	2233
581.5	575.88	2198	2198
581	575.27	2244	2244
580.5	574.7	2222	2222
580	574.12	2223	2223
579.5	573.48	2150	2150
579	573.47	2319	2319
578.5	572.87	2221	2221
578	572.31	2412	2412
577.5	571.7	2178	2178
577	571.08	2304	2304
576.5	571.06	2110	2110
576	570.43	2324	2324
575.5	569.9	2180	2180
575	569.32	2268	2268
574.5	568.67	2276	2276
574	568.06	2152	2152
573.5	568.06	2271	2271
573	567.49	2192	2192
572.5	566.92	2085	2085
572	566.26	2204	2204
571.5	565.65	2138	2138
571	565.66	2212	2212
570.5	565.08	2277	2277
570	564.49	2323	2323
569.5	563.86	2179	2179
569	563.25	2218	2218
568.5	562.64	2291	2291
568	562.67	2392	2392
567.5	562.04	2354	2354
567	561.39	2247	2247
566.5	560.78	2282	2282
566	560.2	2202	2202
565.5	560.19	2264	2264
565	559.6	2220	2220
564.5	558.98	2215	2215
564	558.35	2334	2334
563.5	557.78	2188	2188
563	557.2	2264	2264
562.5	557.18	2331	2331
562	556.55	2209	2209
561.5	555.91	2153	2153
561	555.3	2231	2231
560.5	554.74	2286	2286
560	554.73	2287	2287
559.5	554.07	2380	2380
559	553.48	2140	2140
558.5	552.9	2237	2237
558	552.3	2218	2218
557.5	551.67	2299	2299
557	551.68	2248	2248
556.5	551.05	2309	2309
556	550.5	2291	2291
555.5	549.89	2307	2307
555	549.24	2332	2332
554.5	549.25	2251	2251
554	548.65	2235	2235
553.5	548.03	2314	2314
553	547.43	2230	2230
552.5	546.83	2230	2230
552	546.18	2267	2267
551.5	546.21	2289	2289
551	545.62	2257	2257
550.5	545.01	2210	2210
550	544.39	2238	2238
549.5	543.76	2323	2323
549	543.13	2129	2129
548.5	543.13	2345	2345
548	542.57	2325	2325
547.5	541.9	2273	2273
547	541.26	2305	2305
546.5	540.72	2186	2186
546	540.7	2190	2190
545.5	540.13	2245	2245
545	539.52	2219	2219
544.5	538.88	2112	2112
544	538.31	2198	2198
543.5	537.75	2338	2338
543	537.74	2360	2360
542.5	537.11	2351	2351
542	536.47	2213	2213
541.5	535.91	2164	2164
541	535.35	2276	2276
540.5	535.33	2257	2257
540	534.72	2410	2410
539.5	534.08	2303	2303
539	533.49	2225	2225
538.5	532.94	2304	2304
538	532.3	2307	2307
537.5	532.29	2256	2256
537	531.66	2210	2210
536.5	531.09	2278	2278
536	530.52	2282	2282
535.5	529.9	2370	2370
535	529.91	2104	2104
534.5	529.26	2316	2316
534	528.67	2255	2255
533.5	528.12	2153	2153
533	527.48	2274	2274
532.5	526.83	2191	2191
532	526.83	2270	2270
531.5	526.26	2289	2289
531	525.7	2329	2329
530.5	525.09	2226	2226
530	524.43	2248	2248
529.5	524.43	2355	2355
529	523.82	2249	2249
528.5	523.28	2357	2357
528	522.65	2239	2239
527.5	522.01	2338	2338
527	521.43	2375	2375
526.5	521.44	2338	2338
526	520.87	2297	2297
525.5	520.27	2204	2204
525	519.62	2328	2328
524.5	519.02	2377	2377
524	519.04	2276	2276
523.5	518.48	2268	2268
523	517.84	2299	2299
522.5	517.21	2372	2372
522	516.62	2376	2376
521.5	516.05	2399	2399
521	516.07	2352	2352
520.5	515.48	2457	2457
520	514.82	2496	2496
519.5	514.21	2520	2520
519	513.67	2577	2577
518.5	513.65	2643	2643
518	513.07	2607	2607
517.5	512.42	2421	2421
517	511.8	2587	2587
516.5	511.26	2497	2497
516	510.67	2465	2465
515.5	510.66	2445	2445
515	510.02	2536	2536
514.5	509.42	2550	2550
514	508.84	2362	2362
513.5	508.24	2381	2381
513	508.24	2411	2411
512.5	507.58	2421	2421
512	506.98	2467	2467
511.5	506.44	2352	2352
511	505.83	2439	2439
510.5	505.21	2261	2261
510	505.19	2406	2406
509.5	504.57	2509	2509
509	503.99	2491	2491
508.5	503.4	2453	2453
508	502.76	2407	2407
507.5	502.12	2289	2289
507	502.14	2436	2436
506.5	501.58	2373	2373
506	501	2521	2521
505.5	500.37	2388	2388
505	499.74	2307	2307
504.5	499.76	2495	2495
504	499.19	2231	2231
503.5	498.57	2317	2317
503	497.98	2408	2408
502.5	497.35	2429	2429
502	496.76	2312	2312
501.5	496.77	2332	2332
501	496.21	2387	2387
500.5	495.58	2369	2369
500	494.95	2406	2406
499.5	494.39	2310	2310
499	494.38	2422	2422
498.5	493.8	2334	2334
498	493.18	2351	2351
497.5	492.54	2310	2310
497	491.97	2568	2568
496.5	491.4	2356	2356
496	491.4	2356	2356
495.5	490.77	2440	2440
495	490.14	2458	2458
494.5	489.58	2397	2397
494	489.01	2427	2427
493.5	489	2427	2427
493	488.36	2410	2410
492.5	487.73	2354	2354
492	487.15	2442	2442
491.5	486.56	2370	2370
491	485.96	2480	2480
490.5	485.97	2419	2419
490	485.32	2540	2540
489.5	484.75	2317	2317
489	484.22	2471	2471
488.5	483.65	2351	2351
488	483.66	2367	2367
487.5	483.05	2469	2469
487	482.47	2325	2325
486.5	481.94	2442	2442
486	481.37	2427	2427
485.5	480.75	2586	2586
485	480.76	2397	2397
484.5	480.18	2400	2400
484	479.64	2288	2288
483.5	479.07	2443	2443
483	478.45	2452	2452
482.5	478.43	2448	2448
482	477.85	2341	2341
481.5	477.34	2329	2329
481	476.8	2506	2506
480.5	476.18	2379	2379
480	475.52	2454	2454
479.5	475.52	2396	2396
479	474.94	2362	2362
478.5	474.39	2445	2445
478	473.77	2608	2608
477.5	473.13	2346	2346
477	473.15	2453	2453
476.5	472.57	2340	2340
476	471.96	2465	2465
475.5	471.37	2402	2402
475	470.73	2400	2400
474.5	470.12	2320	2320
474	470.14	2491	2491
473.5	469.52	2465	2465
473	468.89	2479	2479
472.5	468.26	2381	2381
472	467.66	2367	2367
471.5	467.65	2479	2479
471	467.05	2410	2410
470.5	466.46	2396	2396
470	465.81	2453	2453
469.5	465.16	2510	2510
469	464.59	2359	2359
468.5	464.58	2440	2440
468	463.94	2365	2365
467.5	463.31	2374	2374
467	462.72	2388	2388
466.5	462.14	2324	2324
466	462.15	2348	2348
465.5	461.54	2376	2376
465	460.91	2565	2565
464.5	460.33	2449	2449
464	459.74	2315	2315
463.5	459.15	2342	2342
463	459.15	2309	2309
462.5	458.46	2527	2527
462	457.92	2304	2304
461.5	457.42	2419	2419
461	456.75	2416	2416
460.5	456.12	2426	2426
460	456.18	2389	2389
459.5	455.53	2342	2342
459	454.96	2406	2406
458.5	454.37	2427	2427
458	453.72	2362	2362
457.5	453.72	2489	2489
457	453.15	2330	2330
456.5	452.55	2491	2491
456	451.95	2411	2411
455.5	451.32	2408	2408
455	450.72	2396	2396
454.5	450.72	2552	2552
454	450.2	2280	2280
453.5	449.55	2383	2383
453	448.91	2383	2383
452.5	448.3	2442	2442
452	448.29	2397	2397
451.5	447.73	2443	2443
451	447.14	2463	2463
450.5	446.51	2460	2460
450	445.87	2350	2350
449.5	445.33	2303	2303
449	445.33	2434	2434
448.5	444.7	2491	2491
448	444.07	2455	2455
447.5	443.49	2463	2463
447	442.88	2527	2527
446.5	442.91	2413	2413
446	442.36	2450	2450
445.5	441.68	2394	2394
445	441.06	2454	2454
444.5	440.5	2466	2466
444	439.91	2400	2400
443.5	439.91	2360	2360
443	439.29	2447	2447
442.5	438.67	2319	2319
442	438.09	2449	2449
441.5	437.53	2370	2370
441	437.55	2325	2325
440.5	436.89	2455	2455
440	436.26	2350	2350
439.5	435.7	2359	2359
439	435.14	2376	2376
438.5	434.47	2386	2386
438	434.51	2337	2337
437.5	433.91	2411	2411
437	433.29	2411	2411
436.5	432.71	2512	2512
436	432.1	2437	2437
435.5	432.06	2535	2535
435	431.44	2479	2479
434.5	430.89	2417	2417
434	430.29	2383	2383
433.5	429.66	2313	2313
433	429.02	2445	2445
432.5	429.02	2433	2433
432	428.44	2447	2447
431.5	427.88	2432	2432
431	427.21	2484	2484
430.5	426.6	2412	2412
430	426.6	2379	2379
429.5	426.03	2432	2432
429	425.46	2392	2392
428.5	424.83	2421	2421
428	424.14	2446	2446
427.5	423.65	2452	2452
427	423.61	2334	2334
426.5	423.01	2379	2379
426	422.47	2390	2390
425.5	421.79	2519	2519
425	421.21	2362	2362
424.5	421.22	2394	2394
424	420.64	2349	2349
423.5	420.01	2385	2385
423	419.39	2395	2395
422.5	418.78	2389	2389
422	418.23	2515	2515
421.5	418.23	2348	2348
421	417.61	2519	2519
420.5	416.99	2387	2387
420	416.4	2464	2464
419.5	415.83	2478	2478
419	415.22	2479	2479
418.5	415.22	2337	2337
418	414.57	2438	2438
417.5	413.98	2490	2490
417	413.42	2402	2402
416.5	412.83	2450	2450
416	412.83	2389	2389
415.5	412.18	2522	2522
415	411.59	2487	2487
414.5	411.03	2389	2389
414	410.44	2416	2416
413.5	409.74	2473	2473
413	409.74	2440	2440
412.5	409.17	2531	2531
412	408.61	2463	2463
411.5	408	2462	2462
411	407.37	2452	2452
410.5	407.34	2415	2415
410	406.74	2354	2354
409.5	406.19	2492	2492
409	405.56	2442	2442
408.5	404.88	2566	2566
408	404.29	2435	2435
407.5	404.3	2376	2376
407	403.71	2465	2465
406.5	403.13	2430	2430
406	402.47	2414	2414
405.5	401.85	2411	2411
405	401.88	2366	2366
404.5	401.32	2474	2474
404	400.7	2318	2318
403.5	400.02	2363	2363
403	399.39	2488	2488
402.5	398.82	2397	2397
402	398.84	2506	2506
401.5	398.24	2479	2479
401	397.56	2400	2400
400.5	396.98	2374	2374
400	396.41	2400	2400
399.5	396.42	2478	2478
399	395.83	2395	2395
398.5	395.21	2534	2534
398	394.58	2339	2339
397.5	394.01	2453	2453
397	393.41	2527	2527
396.5	393.4	2483	2483
396	392.74	2424	2424
395.5	392.18	2468	2468
395	391.55	2490	2490
394.5	390.93	2421	2421
394	390.94	2401	2401
393.5	390.29	2450	2450
393	389.69	2350	2350
392.5	389.1	2359	2359
392	388.49	2400	2400
391.5	387.86	2338	2338
391	387.88	2479	2479
390.5	387.22	2474	2474
390	386.66	2372	2372
389.5	386.05	2504	2504
389	385.41	2492	2492
388.5	385.4	2380	2380
388	384.78	2486	2486
387.5	384.23	2478	2478
387	383.61	2382	2382
386.5	382.97	2475	2475
386	382.38	2452	2452
385.5	382.39	2431	2431
385	381.83	2436	2436
384.5	381.2	2472	2472
384	380.58	2488	2488
383.5	379.98	2520	2520
383	379.95	2445	2445
382.5	379.41	2401	2401
382	378.82	2390	2390
381.5	378.17	2471	2471
381	377.57	2388	2388
380.5	377.01	2520	2520
380	377.02	2484	2484
379.5	376.43	2448	2448
379	375.8	2495	2495
378.5	375.18	2480	2480
378	374.61	2408	2408
377.5	374.6	2459	2459
377	374.03	2488	2488
376.5	373.38	2392	2392
376	372.8	2445	2445
375.5	372.21	2430	2430
375	371.62	2508	2508
374.5	371.63	2527	2527
374	370.96	2462	2462
373.5	370.36	2465	2465
373	369.78	2373	2373
372.5	369.2	2493	2493
372	368.57	2469	2469
371.5	368.56	2460	2460
371	367.94	2586	2586
370.5	367.37	2405	2405
370	366.8	2542	2542
369.5	366.16	2484	2484
369	366.16	2574	2574
368.5	365.54	2410	2410
368	364.94	2412	2412
367.5	364.38	2449	2449
367	363.72	2540	2540
366.5	363.13	2412	2412
366	363.13	2448	2448
365.5	362.55	2450	2450
365	361.98	2508	2508
364.5	361.36	2395	2395
364	360.73	2443	2443
363.5	360.71	2420	2420
363	360.14	2446	2446
362.5	359.57	2378	2378
362	358.94	2468	2468
361.5	358.33	2427	2427
361	357.75	2486	2486
360.5	357.75	2429	2429
360	357.19	2464	2464
359.5	356.57	2522	2522
359	355.93	2531	2531
358.5	355.36	2542	2542
358	355.34	2459	2459
357.5	354.77	2350	2350
357	354.15	2443	2443
356.5	353.53	2393	2393
356	352.92	2457	2457
355.5	352.35	2356	2356
355	352.34	2376	2376
354.5	351.71	2530	2530
354	351.1	2558	2558
353.5	350.49	2382	2382
353	349.92	2398	2398
352.5	349.91	2520	2520
352	349.3	2608	2608
351.5	348.67	2519	2519
351	348.08	2444	2444
350.5	347.49	2428	2428
350	346.89	2479	2479
349.5	346.9	2605	2605
349	346.27	2424	2424
348.5	345.66	2568	2568
348	345.08	2618	2618
347.5	344.48	2473	2473
347	344.47	2477	2477
346.5	343.85	2506	2506
346	343.28	2519	2519
345.5	342.7	2665	2665
345	342.08	2420	2420
344.5	341.45	2519	2519
344	341.47	2440	2440
343.5	340.83	2595	2595
343	340.29	2518	2518
342.5	339.69	2591	2591
342	339.05	2509	2509
341.5	339.06	2567	2567
341	338.46	2396	2396
340.5	337.87	2593	2593
340	337.32	2555	2555
339.5	336.67	2429	2429
339	336.06	2541	2541
338.5	336.07	2440	2440
338	335.49	2661	2661
337.5	334.9	2442	2442
337	334.25	2636	2636
336.5	333.65	2321	2321
336	333.67	2388	2388
335.5	333.1	2570	2570
335	332.49	2479	2479
334.5	331.86	2665	2665
334	331.24	2697	2697
333.5	330.68	2626	2626
333	330.66	2510	2510
332.5	330.06	2601	2601
332	329.45	2680	2680
331.5	328.81	2506	2506
331	328.21	2413	2413
330.5	327.63	2384	2384
330	327.61	2541	2541
329.5	326.96	2498	2498
329	326.32	2483	2483
328.5	325.76	2521	2521
328	325.14	2587	2587
327.5	325.17	2521	2521
327	324.52	2497	2497
326.5	323.9	2493	2493
326	323.35	2619	2619
325.5	322.73	2481	2481
325	322.07	2607	2607
324.5	322.07	2555	2555
324	321.44	2563	2563
323.5	320.86	2610	2610
323	320.26	2482	2482
322.5	319.62	2492	2492
322	319.62	2586	2586
321.5	319	2538	2538
321	318.45	2540	2540
320.5	317.89	2569	2569
320	317.23	2512	2512
319.5	316.61	2575	2575
319	316.6	2601	2601
318.5	316.06	2673	2673
318	315.46	2618	2618
317.5	314.77	2640	2640
317	314.17	2537	2537
316.5	314.15	2614	2614
316	313.59	2473	2473
315.5	312.97	2596	2596
315	312.32	2624	2624
314.5	311.7	2488	2488
314	311.11	2600	2600
313.5	311.12	2636	2636
313	310.51	2469	2469
312.5	309.87	2538	2538
312	309.24	2609	2609
311.5	308.63	2741	2741
311	308.64	2616	2616
310.5	308.05	2503	2503
310	307.38	2481	2481
309.5	306.76	2625	2625
309	306.19	2545	2545
308.5	305.59	2516	2516
308	305.61	2596	2596
307.5	304.96	2413	2413
307	304.33	2577	2577
306.5	303.81	2620	2620
306	303.21	2492	2492
305.5	303.2	2527	2527
305	302.55	2548	2548
304.5	301.96	2613	2613
304	301.38	2668	2668
303.5	300.8	2465	2465
303	300.18	2569	2569
302.5	300.15	2506	2506
302	299.56	2565	2565
301.5	299.01	2461	2461
301	298.42	2671	2671
300.5	297.77	2641	2641
300	297.77	2583	2583
299.5	297.14	2500	2500
299	296.58	2537	2537
298.5	295.99	2634	2634
298	295.36	2529	2529
297.5	294.73	2716	2716
297	294.75	2496	2496
296.5	294.16	2491	2491
296	293.58	2630	2630
295.5	292.95	2474	2474
295	292.3	2558	2558
294.5	292.31	2509	2509
294	291.76	2712	2712
293.5	291.17	2714	2714
293	290.55	2500	2500
292.5	289.9	2519	2519
292	289.31	2528	2528
291.5	289.33	2580	2580
291	288.78	2520	2520
290.5	288.11	2630	2630
290	287.48	2610	2610
289.5	286.92	2576	2576
289	286.9	2614	2614
288.5	286.35	2580	2580
288	285.73	2538	2538
287.5	285.07	2591	2591
287	284.52	2659	2659
286.5	283.97	2657	2657
286	283.94	2592	2592
285.5	283.31	2489	2489
285	282.67	2574	2574
284.5	282.06	2610	2610
284	281.52	2628	2628
283.5	280.91	2652	2652
283	280.88	2757	2757
282.5	280.26	2673	2673
282	279.69	2521	2521
281.5	279.12	2659	2659
281	278.52	2595	2595
280.5	278.52	2581	2581
280	277.88	2643	2643
279.5	277.29	2588	2588
279	276.72	2572	2572
278.5	276.11	2603	2603
278	275.48	2740	2740
277.5	275.47	2741	2741
277	274.85	2707	2707
276.5	274.3	2683	2683
276	273.69	2725	2725
275.5	273.05	2779	2779
275	273.04	2700	2700
274.5	272.45	2716	2716
274	271.86	2802	2802
273.5	271.26	2789	2789
273	270.64	2810	2810
272.5	270.03	2824	2824
272	270.02	2703	2703
271.5	269.49	2786	2786
271	268.88	2736	2736
270.5	268.2	2898	2898
270	267.6	2822	2822
269.5	267.6	2710	2710
269	267.03	2658	2658
268.5	266.45	2795	2795
268	265.81	2659	2659
267.5	265.2	2876	2876
267	264.65	2964	2964
266.5	264.66	2765	2765
266	264.05	2687	2687
265.5	263.41	2915	2915
265	262.79	2998	2998
264.5	262.23	2920	2920
264	262.24	2758	2758
263.5	261.65	2760	2760
263	261	2957	2957
262.5	260.43	2931	2931
262	259.86	2812	2812
261.5	259.27	2880	2880
261	259.27	2872	2872
260.5	258.61	2728	2728
260	258.02	2919	2919
259.5	257.42	2870	2870
259	256.84	2862	2862
258.5	256.84	2770	2770
258	256.22	2968	2968
257.5	255.61	2893	2893
257	255.04	2813	2813
256.5	254.44	2696	2696
256	253.79	2879	2879
255.5	253.8	2820	2820
255	253.17	2906	2906
254.5	252.59	2894	2894
254	252.02	2927	2927
253.5	251.41	2827	2827
253	251.39	2793	2793
252.5	250.76	2881	2881
252	250.2	3035	3035
251.5	249.59	2936	2936
251	248.95	2911	2911
250.5	248.32	2973	2973
250	248.3	2919	2919
249.5	247.71	2843	2843
249	247.12	2899	2899
248.5	246.49	2965	2965
248	245.88	2926	2926
247.5	245.9	2892	2892
247	245.3	3033	3033
246.5	244.69	2876	2876
246	244.07	2930	2930
245.5	243.44	2870	2870
245	242.84	2907	2907
244.5	242.84	2954	2954
244	242.25	2911	2911
243.5	241.62	2978	2978
243	241	2871	2871
242.5	240.46	3049	3049
242	240.44	2916	2916
241.5	239.89	2862	2862
241	239.23	3054	3054
240.5	238.58	2871	2871
240	238.01	2940	2940
239.5	237.44	2838	2838
239	237.4	2966	2966
238.5	236.78	2846	2846
238	236.17	2844	2844
237.5	235.55	2906	2906
237	234.95	2861	2861
236.5	234.33	2786	2786
236	234.34	2888	2888
235.5	233.69	2987	2987
235	233.13	3066	3066
234.5	232.53	2845	2845
234	231.91	2938	2938
233.5	231.9	2973	2973
233	231.28	3021	3021
232.5	230.67	2889	2889
232	230.09	2982	2982
231.5	229.44	2857	2857
231	228.81	3073	3073
230.5	228.82	2978	2978
230	228.23	2845	2845
229.5	227.65	2956	2956
229	227.02	3105	3105
228.5	226.42	2995	2995
228	226.39	2969	2969
227.5	225.82	3095	3095
227	225.26	2996	2996
226.5	224.62	3124	3124
226	223.98	3067	3067
225.5	223.4	2959	2959
225	223.41	3166	3166
224.5	222.85	2952	2952
224	222.23	3066	3066
223.5	221.6	3094	3094
223	221.02	3141	3141
222.5	221.02	2953	2953
222	220.47	3114	3114
221.5	219.84	3114	3114
221	219.2	3096	3096
220.5	218.62	2963	2963
220	218.05	3341	3341
219.5	218.06	3036	3036
219	217.45	2962	2962
218.5	216.8	3246	3246
218	216.21	2989	2989
217.5	215.65	3090	3090
217	215.64	3031	3031
216.5	215.01	3268	3268
216	214.39	2947	2947
215.5	213.79	3218	3218
215	213.22	3099	3099
214.5	212.64	3188	3188
214	212.61	3019	3019
213.5	211.99	3074	3074
213	211.41	3152	3152
212.5	210.83	3176	3176
212	210.2	3115	3115
211.5	210.23	3126	3126
211	209.58	3198	3198
210.5	208.96	3257	3257
210	208.41	3195	3195
209.5	207.79	3133	3133
209	207.16	3176	3176
208.5	207.16	3207	3207
208	206.57	3210	3210
207.5	206	3123	3123
207	205.4	3289	3289
206.5	204.76	3234	3234
206	204.74	3096	3096
205.5	204.13	3394	3394
205	203.6	3266	3266
204.5	203	3127	3127
204	202.34	3252	3252
203.5	201.75	3349	3349
203	201.76	3307	3307
202.5	201.21	3154	3154
202	200.62	3298	3298
201.5	199.97	3147	3147
201	199.34	3280	3280
200.5	199.35	3310	3310
200	198.79	3268	3268
199.5	198.2	3351	3351
199	197.58	3195	3195
198.5	196.95	3142	3142
198	196.37	3354	3354
197.5	196.39	3297	3297
197	195.76	3260	3260
196.5	195.15	3200	3200
196	194.51	3213	3213
195.5	193.95	3335	3335
195	193.36	3330	3330
194.5	193.36	3292	3292
194	192.72	3399	3399
193.5	192.12	3429	3429
193	191.54	3396	3396
192.5	190.96	3388	3388
192	190.94	3448	3448
191.5	190.31	3380	3380
191	189.69	3326	3326
190.5	189.11	3376	3376
190	188.53	3515	3515
189.5	187.92	3415	3415
189	187.91	3470	3470
188.5	187.3	3622	3622
188	186.72	3597	3597
187.5	186.15	3632	3632
187	185.5	3788	3788
186.5	185.51	3697	3697
186	184.87	3573	3573
185.5	184.28	3749	3749
185	183.72	3686	3686
184.5	183.1	3938	3938
184	182.49	3814	3814
183.5	182.49	3891	3891
183	181.93	3885	3885
182.5	181.34	3904	3904
182	180.72	4023	4023
181.5	180.09	4090	4090
181	180.08	4095	4095
180.5	179.49	4181	4181
180	178.94	4403	4403
179.5	178.31	4531	4531
179	177.67	4852	4852
178.5	177.11	5252	5252
178	177.12	5294	5294
177.5	176.52	5293	5293
177	175.91	5774	5774
176.5	175.28	5789	5789
176	174.67	5912	5912
175.5	174.67	5575	5575
175	174.09	5255	5255
174.5	173.48	5100	5100
174	172.86	4851	4851
173.5	172.29	4300	4300
173	171.77	4404	4404
172.5	171.76	4531	4531
172	171.21	4320	4320
171.5	170.59	4260	4260
171	170	4189	4189
170.5	169.46	4081	4081
170	169.46	4270	4270
169.5	168.89	4443	4443
169	168.26	4337	4337
168.5	167.68	4407	4407
168	167.15	4213	4213
167.5	166.58	4329	4329
167	166.57	4472	4472
166.5	165.95	4373	4373
166	165.35	4278	4278
165.5	164.85	4588	4588
165	164.31	4653	4653
164.5	164.31	4232	4232
164	163.7	4495	4495
163.5	163.06	4668	4668
163	162.49	4492	4492
162.5	161.95	4728	4728
162	161.3	4552	4552
161.5	161.32	4511	4511
161	160.67	4820	4820
160.5	160.08	4670	4670
160	159.51	4720	4720
159.5	158.9	4822	4822
159	158.88	4748	4748
158.5	158.21	4739	4739
158	157.65	4840	4840
157.5	157.08	4987	4987
157	156.41	4998	4998
156.5	155.77	4737	4737
156	155.75	5094	5094
155.5	155.15	5065	5065
155	154.59	4979	4979
154.5	153.99	5138	5138
154	153.32	5297	5297
153.5	153.34	5306	5306
153	152.73	5342	5342
152.5	152.14	5619	5619
152	151.53	5584	5584
151.5	150.85	5645	5645
151	150.24	6055	6055
150.5	150.25	6035	6035
150	149.7	6162	6162
149.5	149.06	6214	6214
149	148.43	6266	6266
148.5	147.87	6318	6318
148	147.3	6291	6291
147.5	147.3	6190	6190
147	146.68	5873	5873
146.5	146.01	6170	6170
146	145.44	5978	5978
145.5	144.88	5970	5970
145	144.87	6057	6057
144.5	144.27	5911	5911
144	143.67	5652	5652
143.5	143.05	5917	5917
143	142.51	5963	5963
142.5	141.9	5976	5976
142	141.88	6050	6050
141.5	141.22	6145	6145
141	140.63	6114	6114
140.5	140.09	6134	6134
140	139.49	6156	6156
139.5	139.5	6321	6321
139	138.85	6071	6071
138.5	138.24	6349	6349
138	137.68	6314	6314
137.5	137.08	6554	6554
137	136.43	6583	6583
136.5	136.41	6764	6764
136	135.83	6695	6695
135.5	135.27	6673	6673
135	134.66	6743	6743
134.5	134.05	6889	6889
134	134.05	6854	6854
133.5	133.42	7022	7022
133	132.88	7501	7501
132.5	132.27	7248	7248
132	131.62	7099	7099
131.5	130.98	7426	7426
131	131	7427	7427
130.5	130.42	7507	7507
130	129.81	7530	7530
