Scans: 7	Points: 267	time: 333.000000
Energy(calc)	Energy(meas)	Sum	Scan1	Scan2	Scan3	Scan4	Scan5	Scan6	Scan7
440	438.52	11104	1316	1633	1686	1702	1548	1611	1608
439.7	438.26	10733	1358	1611	1566	1534	1527	1599	1538
439.4	437.97	10780	1434	1512	1573	1584	1595	1535	1547
439.1	437.71	10825	1404	1509	1631	1555	1593	1533	1600
438.8	437.37	10888	1352	1616	1609	1549	1487	1619	1656
438.5	437.06	10631	1316	1485	1590	1555	1556	1607	1522
438.2	436.74	10715	1400	1492	1616	1672	1474	1455	1606
437.9	436.43	10939	1468	1590	1630	1570	1510	1578	1593
437.6	436.15	10730	1349	1510	1561	1610	1535	1589	1576
437.3	435.92	10535	1329	1470	1635	1528	1485	1557	1531
437	435.62	10733	1445	1495	1560	1546	1571	1601	1515
436.7	435.37	10809	1331	1503	1481	1611	1658	1611	1614
436.4	435.06	10720	1331	1572	1458	1595	1610	1528	1626
436.1	434.73	10636	1377	1549	1536	1521	1565	1536	1552
435.81	434.4	10757	1485	1478	1516	1621	1505	1695	1457
435.51	434.09	10776	1407	1609	1549	1550	1517	1535	1609
435.21	433.78	10797	1411	1531	1648	1567	1599	1494	1547
434.91	433.52	10951	1393	1620	1491	1639	1633	1589	1586
434.61	433.24	10830	1468	1541	1566	1608	1519	1571	1557
434.31	432.93	10853	1463	1508	1534	1566	1628	1594	1560
434.01	432.7	10919	1432	1530	1531	1584	1559	1708	1575
433.71	432.41	11013	1385	1630	1607	1718	1546	1557	1570
433.41	432.05	10640	1314	1421	1574	1609	1550	1623	1549
433.11	431.73	10860	1435	1480	1570	1554	1646	1607	1568
432.81	431.46	10926	1462	1653	1557	1605	1562	1532	1555
432.51	431.14	10840	1446	1536	1549	1521	1609	1661	1518
432.21	430.87	10679	1390	1550	1569	1504	1546	1592	1528
431.91	430.59	11018	1433	1611	1637	1552	1548	1623	1614
431.61	430.28	11142	1478	1614	1590	1649	1544	1681	1586
431.31	429.96	10840	1493	1564	1552	1529	1534	1598	1570
431.01	429.66	10902	1539	1550	1518	1606	1599	1546	1544
430.71	429.39	10833	1545	1539	1521	1568	1554	1490	1616
430.41	429.04	10869	1370	1527	1535	1701	1619	1584	1533
430.11	428.78	10900	1584	1472	1656	1525	1554	1554	1555
429.81	428.5	10738	1513	1573	1521	1506	1518	1510	1597
429.51	428.2	11009	1415	1634	1626	1649	1527	1609	1549
429.21	427.93	11181	1444	1618	1588	1658	1569	1688	1616
428.91	427.64	11078	1540	1541	1596	1541	1655	1594	1611
428.61	427.29	10877	1482	1535	1555	1571	1574	1657	1503
428.31	426.97	10982	1441	1591	1562	1469	1583	1631	1705
428.01	426.67	11040	1575	1627	1617	1521	1585	1582	1533
427.72	426.35	10845	1489	1565	1548	1577	1555	1591	1520
427.42	426.13	10901	1379	1508	1611	1608	1681	1582	1532
427.12	425.85	10942	1499	1581	1553	1566	1549	1618	1576
426.82	425.56	11043	1549	1618	1528	1569	1638	1601	1540
426.52	425.25	10727	1447	1523	1550	1649	1495	1524	1539
426.22	424.94	10779	1465	1505	1518	1586	1516	1565	1624
425.92	424.6	11227	1464	1629	1600	1555	1647	1643	1689
425.62	424.28	11003	1476	1534	1611	1585	1517	1677	1603
425.32	423.99	11020	1565	1534	1533	1618	1620	1591	1559
425.02	423.7	10869	1456	1590	1589	1474	1602	1514	1644
424.72	423.42	10787	1472	1553	1483	1582	1477	1657	1563
424.42	423.15	11081	1540	1475	1579	1610	1697	1610	1570
424.12	422.9	11322	1603	1624	1657	1516	1617	1721	1584
423.82	422.58	10684	1506	1466	1495	1577	1496	1628	1516
423.52	422.28	11144	1471	1526	1661	1665	1553	1684	1584
423.22	421.93	11216	1597	1624	1560	1657	1561	1595	1622
422.92	421.64	11013	1506	1590	1570	1528	1552	1700	1567
422.62	421.36	11118	1650	1495	1517	1550	1630	1684	1592
422.32	421.08	11202	1525	1635	1527	1654	1630	1674	1557
422.02	420.79	10947	1522	1643	1517	1538	1593	1547	1587
421.72	420.52	11496	1667	1636	1728	1677	1552	1630	1606
421.42	420.18	11219	1524	1509	1591	1604	1584	1737	1670
421.12	419.84	11325	1503	1641	1624	1698	1631	1654	1574
420.82	419.61	11252	1508	1594	1633	1523	1658	1684	1652
420.52	419.28	11157	1556	1500	1699	1717	1561	1601	1523
420.22	418.99	11044	1546	1546	1592	1590	1615	1560	1595
419.93	418.74	11609	1671	1603	1661	1630	1698	1686	1660
419.63	418.42	11484	1584	1694	1540	1699	1566	1733	1668
419.33	418.13	11192	1601	1536	1607	1549	1569	1705	1625
419.03	417.85	11580	1582	1604	1671	1671	1611	1718	1723
418.73	417.52	11535	1549	1614	1636	1706	1601	1698	1731
418.43	417.19	11490	1585	1677	1678	1591	1610	1626	1723
418.13	416.91	11816	1595	1752	1757	1723	1609	1697	1683
417.83	416.6	11784	1615	1580	1622	1708	1810	1740	1709
417.53	416.38	12269	1812	1580	1799	1704	1790	1729	1855
417.23	416.11	11713	1692	1665	1650	1724	1608	1708	1666
416.93	415.81	11968	1768	1641	1756	1728	1736	1768	1571
416.63	415.51	11848	1640	1656	1681	1682	1791	1654	1744
416.33	415.2	11719	1671	1676	1671	1689	1703	1653	1656
416.03	414.86	11497	1609	1566	1674	1691	1598	1695	1664
415.73	414.53	11730	1647	1582	1631	1699	1616	1732	1823
415.43	414.26	11937	1596	1724	1703	1793	1724	1690	1707
415.13	413.95	11777	1669	1635	1618	1717	1671	1713	1754
414.83	413.68	11830	1648	1720	1666	1660	1683	1697	1756
414.53	413.42	11940	1649	1656	1660	1809	1654	1752	1760
414.23	413.14	12225	1706	1697	1776	1722	1728	1789	1807
413.93	412.83	12343	1756	1655	1793	1794	1857	1676	1812
413.63	412.55	12440	1587	1691	1699	1879	1870	1921	1793
413.33	412.18	12451	1739	1643	1855	1806	1733	1839	1836
413.03	411.9	12514	1688	1739	1778	1815	1799	1890	1805
412.73	411.64	12686	1822	1823	1849	1764	1705	1927	1796
412.43	411.33	12931	1752	1865	1833	1804	1930	1825	1922
412.13	411.05	12856	1773	1809	1899	1801	1880	1775	1919
411.84	410.77	13169	1820	1914	1904	1881	1854	1870	1926
411.54	410.45	13441	1827	1831	1949	1852	1996	1942	2044
411.24	410.11	13592	1843	2014	1913	2007	1885	2015	1915
410.94	409.87	13956	1860	2008	1940	2112	2027	2042	1967
410.64	409.53	14551	2013	2045	2009	2097	2141	2140	2106
410.34	409.24	14443	1957	2084	2199	2050	2014	2047	2092
410.04	408.96	14829	2022	2108	2138	2068	2205	2076	2212
409.74	408.68	15111	2079	2158	2267	2157	2194	2131	2125
409.44	408.38	15224	2102	2148	2244	2153	2137	2266	2174
409.14	408.1	15381	2122	2185	2266	2111	2151	2271	2275
408.84	407.77	16029	2143	2244	2266	2318	2390	2229	2439
408.54	407.45	16191	2140	2347	2298	2369	2392	2338	2307
408.24	407.15	16835	2336	2332	2564	2368	2367	2382	2486
407.94	406.85	17387	2473	2497	2356	2468	2440	2550	2603
407.64	406.6	17351	2475	2356	2392	2549	2442	2534	2603
407.34	406.33	17910	2426	2511	2677	2586	2614	2515	2581
407.04	406.03	17452	2447	2497	2470	2440	2577	2500	2521
406.74	405.71	17253	2299	2541	2527	2393	2466	2452	2575
406.44	405.4	16600	2349	2470	2264	2424	2398	2290	2405
406.14	405.04	16690	2392	2312	2401	2379	2379	2538	2289
405.84	404.73	15925	2217	2313	2238	2245	2316	2384	2212
405.54	404.44	15843	2257	2301	2306	2369	2228	2174	2208
405.24	404.14	15182	2125	2126	2162	2190	2121	2139	2319
404.94	403.86	14998	1973	2238	2170	2251	2214	2170	1982
404.64	403.58	14296	1986	2001	2003	2052	2074	2115	2065
404.34	403.33	13554	1998	1864	1945	1920	1983	1880	1964
404.04	402.99	13577	1790	1944	1955	1932	1962	2004	1990
403.75	402.69	13020	1795	1839	1819	1839	1837	1994	1897
403.45	402.34	13109	1882	1857	1798	1951	1887	1729	2005
403.15	402.05	12649	1723	1852	1796	1854	1864	1782	1778
402.85	401.79	12649	1941	1733	1811	1627	1806	1914	1817
402.55	401.48	12564	1686	1884	1878	1819	1777	1743	1777
402.25	401.2	12767	1724	1856	1935	1850	1782	1779	1841
401.95	400.91	12467	1706	1700	1860	1799	1745	1842	1815
401.65	400.57	12578	1781	1718	1773	1836	1778	1858	1834
401.35	400.26	12539	1730	1820	1884	1632	1915	1771	1787
401.05	400	12796	1730	1817	1785	1827	1823	1907	1907
400.75	399.67	12945	1896	1775	1922	1786	1912	1804	1850
400.45	399.39	13349	1857	1860	1917	1927	1823	2044	1921
400.15	399.11	12726	1764	1771	1800	1784	1823	1938	1846
399.85	398.79	13066	1789	1808	1939	1870	1791	1933	1936
399.55	398.52	13201	1868	1836	1919	1947	1858	1920	1853
399.25	398.21	13053	1777	1878	1906	1819	1888	1884	1901
398.95	397.86	12902	1738	1873	1896	1812	1805	1856	1922
398.65	397.57	12934	1836	1833	1822	1895	1786	1975	1787
398.35	397.26	12506	1747	1879	1675	1883	1738	1765	1819
398.05	396.95	12965	1882	1821	1844	1890	1773	1891	1864
397.75	396.76	12883	1748	1859	1785	1877	1893	1816	1905
397.45	396.48	12807	1865	1898	1788	1759	1768	1813	1916
397.15	396.17	12952	1841	1781	1807	1927	1940	1859	1797
396.85	395.9	12989	1767	1913	1835	1819	1922	1819	1914
396.55	395.56	13192	1923	1900	1888	1847	1871	1884	1879
396.25	395.23	12913	1734	1802	1894	1870	1835	1883	1895
395.96	394.93	13124	1784	1754	1916	1821	1954	1918	1977
395.66	394.63	13150	1789	1954	1764	1949	1970	1871	1853
395.36	394.33	12997	1757	1837	1988	1897	1804	1909	1805
395.06	394.07	13387	1889	1890	1895	1871	1828	2034	1980
394.76	393.77	13261	1773	1963	1887	1849	1834	1976	1979
394.46	393.51	13269	2004	1833	1817	1831	1963	1981	1840
394.16	393.21	13071	1856	1839	1841	1895	1875	1914	1851
393.86	392.86	13416	1909	1991	1873	1879	1991	1829	1944
393.56	392.53	13415	1872	1981	1877	1997	1891	1886	1911
393.26	392.26	13316	1830	1917	1911	1887	1978	1869	1924
392.96	391.96	13252	1821	2021	1867	1847	1857	1928	1911
392.66	391.66	13323	1769	1901	1918	1921	1883	1943	1988
392.36	391.39	13251	1873	1840	1916	1901	1846	2014	1861
392.06	391.07	13501	1823	1994	1921	1900	1952	1898	2013
391.76	390.72	13144	1926	1842	1827	1829	1923	1924	1873
391.46	390.41	13412	1824	1830	2033	1995	1921	1915	1894
391.16	390.15	13045	1885	1850	1728	1913	1818	1948	1903
390.86	389.84	13407	1938	1807	1951	1906	1891	1953	1961
390.56	389.57	13365	1800	1873	1951	1968	1953	1911	1909
390.26	389.26	13440	1855	1962	1894	2038	1958	1903	1830
389.96	388.99	13572	1867	1912	1994	1884	1990	2014	1911
389.66	388.71	13417	1909	1905	1870	1908	1990	1833	2002
389.36	388.38	13208	1898	1789	1844	1965	1853	1949	1910
389.06	388.03	13394	1915	1875	1810	1998	1918	1984	1894
388.76	387.73	13289	1864	1826	1886	1852	1854	2025	1982
388.46	387.37	13385	1867	1872	1900	1920	1958	1943	1925
388.16	387.09	13696	1906	1968	2075	1979	1842	2022	1904
387.87	386.9	13319	1846	1864	1947	1823	1941	1899	1999
387.57	386.59	13897	1953	1907	2119	1997	1942	1988	1991
387.27	386.31	13486	1902	1826	1934	1886	2001	1918	2019
386.97	385.98	13753	1850	1882	1981	1975	1971	2013	2081
386.67	385.61	13678	2020	1973	2021	1941	1911	1904	1908
386.37	385.29	13751	1802	1965	1914	2053	2007	1995	2015
386.07	385	13896	1977	1952	2083	2001	1993	1914	1976
385.77	384.7	13956	2023	1897	1956	1943	2004	2028	2105
385.47	384.44	13970	2012	2019	2050	1972	1922	1985	2010
385.17	384.17	14354	1981	2030	2151	1985	2082	2099	2026
384.87	383.87	14201	1998	2156	2026	1933	1962	1997	2129
384.57	383.63	14406	1989	2034	2073	2097	2094	2027	2092
384.27	383.29	14674	1902	2030	2265	2048	2204	2141	2084
383.97	382.94	14959	2028	2149	2200	2055	2165	2150	2212
383.67	382.64	14724	2074	2072	2084	2081	2142	2118	2153
383.37	382.36	15100	2116	2115	2161	2227	2257	2139	2085
383.07	382.09	14993	2012	2203	2173	2165	2029	2217	2194
382.77	381.83	15451	2071	2248	2272	2089	2181	2278	2312
382.47	381.53	15758	2243	2353	2311	2246	2145	2170	2290
382.17	381.2	15544	2149	2209	2214	2254	2248	2298	2172
381.87	380.89	15876	2270	2205	2149	2229	2417	2430	2176
381.57	380.55	16065	2284	2239	2290	2215	2304	2415	2318
381.27	380.28	16150	2257	2219	2371	2305	2301	2448	2249
380.97	380.01	16551	2264	2250	2454	2331	2435	2482	2335
380.67	379.74	17164	2446	2430	2440	2409	2560	2438	2441
380.37	379.44	16857	2361	2364	2459	2368	2469	2515	2321
380.07	379.18	16790	2373	2274	2400	2452	2523	2424	2344
379.78	378.89	16533	2286	2368	2354	2328	2323	2473	2401
379.48	378.54	16608	2280	2365	2254	2377	2403	2475	2454
379.18	378.22	16502	2222	2304	2440	2420	2218	2476	2422
378.88	377.91	16087	2164	2331	2315	2303	2354	2346	2274
378.58	377.59	15959	2280	2238	2299	2243	2278	2373	2248
378.28	377.34	15735	2185	2333	2300	2176	2193	2284	2264
377.98	377.12	15809	2327	2169	2269	2166	2285	2384	2209
377.68	376.83	15401	2150	2170	2191	2205	2131	2247	2307
377.38	376.57	15179	2146	2087	2171	2198	2115	2205	2257
377.08	376.24	15363	2194	2261	2154	2111	2232	2251	2160
376.78	375.88	14994	2040	2181	2121	2151	2198	2179	2124
376.48	375.58	15111	1986	2222	2128	2164	2202	2158	2251
376.18	375.26	15031	2175	2079	2076	2141	2223	2080	2257
375.88	374.98	14850	2040	2089	2127	2145	2108	2123	2218
375.58	374.71	15015	2050	2124	2166	2195	2167	2157	2156
375.28	374.42	14674	2034	2037	2066	2128	2067	2197	2145
374.98	374.13	14502	1991	2083	2040	2130	2244	1979	2035
374.68	373.91	14725	2000	2136	2104	2131	2061	2081	2212
374.38	373.55	14678	2109	2051	2074	2124	2207	2028	2085
374.08	373.24	14543	2102	2063	2116	2022	2142	2036	2062
373.78	372.94	14318	1960	1982	2144	2017	1963	2160	2092
373.48	372.63	14299	1958	2018	2105	2023	2116	2062	2017
373.18	372.35	14351	2018	2053	1992	2091	2098	2020	2079
372.88	372.11	14232	1994	1922	2061	2010	2015	2100	2130
372.58	371.81	14539	2043	2165	2218	2034	2054	2002	2023
372.28	371.49	14448	2151	1992	1941	2057	2053	2105	2149
371.99	371.18	14491	1974	2003	2009	2012	2192	2150	2151
371.69	370.82	14487	1957	2029	2207	2094	2126	2015	2059
371.39	370.57	14243	2018	2066	2044	1989	1849	2128	2149
371.09	370.29	14033	1964	2031	2048	2045	1926	2026	1993
370.79	370	14211	2042	2048	2022	2042	1959	2059	2039
370.49	369.72	14260	2027	2000	2122	2038	1988	2011	2074
370.19	369.45	14416	2066	2004	2071	2096	2069	2052	2058
369.89	369.14	14347	2011	2061	2009	2027	2040	2045	2154
369.59	368.82	14168	1995	1991	2008	2108	1987	2014	2065
369.29	368.49	14591	1999	2040	2186	2026	2049	2114	2177
368.99	368.16	14766	2146	2147	2033	2118	2103	2066	2153
368.69	367.87	14257	1955	2169	2060	1940	2007	2048	2078
368.39	367.6	14569	2031	2045	2062	2096	2154	2141	2040
368.09	367.37	14281	2016	2024	1998	1961	2055	2080	2147
367.79	367.09	14631	2042	2142	2033	2115	2091	2142	2066
367.49	366.8	14342	2003	2051	2062	2112	2053	2087	1974
367.19	366.46	14456	2120	2055	2042	2081	2055	1946	2157
366.89	366.14	14224	2055	1984	2077	1942	2097	2063	2006
366.59	365.82	14449	1913	2131	2081	2055	2044	2040	2185
366.29	365.49	14367	2159	2122	1925	2036	1924	2128	2073
365.99	365.23	14174	2028	2025	2011	2014	1993	2062	2041
365.69	364.95	14524	2036	2128	2096	2015	2124	2053	2072
365.39	364.64	14593	2147	1947	2076	2139	2072	2035	2177
365.09	364.39	14742	2145	2065	2090	2129	2158	2110	2045
364.79	364.13	14420	2062	2039	2026	2073	2078	2158	1984
364.49	363.81	14663	2050	2195	2172	2068	2061	2029	2088
364.19	363.51	14546	2071	2055	2101	2004	2141	1992	2182
363.9	363.16	14209	1916	2035	2039	1994	2111	2103	2011
363.6	362.87	14210	2057	1929	2014	1994	2145	2063	2008
363.3	362.61	14519	2014	2024	2042	2145	2055	2174	2065
363	362.32	14660	2116	2174	2122	2095	1946	2116	2091
362.7	362.04	14426	2087	2038	2025	2015	2024	2159	2078
362.4	361.75	14514	2029	2119	2161	2032	2128	2021	2024
362.1	361.41	14866	1974	2231	2261	2002	2161	2211	2026
361.8	361.07	14569	2062	2010	2031	2165	2119	2087	2095
361.5	360.84	14260	1916	2028	1992	2021	2014	2144	2145
361.2	360.52	14236	1951	2026	2037	2036	2105	2117	1964
360.9	360.24	14447	2014	2114	2025	2139	2055	2131	1969
360.6	359.96	14419	1999	2072	2116	1939	2187	2056	2050
360.3	359.68	14686	2097	2128	2118	2199	2027	2066	2051
360	359.38	14204	1971	2082	2047	2089	1990	1980	2045
