Scans: 7	Points: 267	time: 333.000000
Energy(calc)	Energy(meas)	Sum	Scan1	Scan2	Scan3	Scan4	Scan5	Scan6	Scan7
440	438.49	20813	2119	2985	3202	3163	3123	3203	3018
439.7	438.22	19616	1957	2872	2913	2921	2969	3045	2939
439.4	437.96	19676	2060	2830	2885	3051	3052	2844	2954
439.1	437.69	19858	2171	2886	2905	3023	2982	2941	2950
438.8	437.39	20030	2219	2875	3084	3099	2969	2960	2824
438.5	437.05	19344	2304	2760	2892	2880	2747	2944	2817
438.2	436.73	19999	2222	2941	2964	3105	2849	3009	2909
437.9	436.44	20061	2411	2869	2875	3019	2933	3018	2936
437.6	436.12	19994	2358	2925	2963	3033	2975	2902	2838
437.3	435.91	20161	2366	2867	2911	2971	2990	3005	3051
437	435.65	20021	2414	2884	2944	3113	2866	3042	2758
436.7	435.36	20140	2304	2799	3066	2982	3010	2989	2990
436.4	435.06	20242	2476	2870	2997	3027	3144	2893	2835
436.1	434.74	19921	2493	2906	2887	2859	2986	2935	2855
435.81	434.38	20039	2411	2866	2908	2909	2991	3066	2888
435.51	434.06	19972	2482	2909	2907	2939	2934	2890	2911
435.21	433.79	20382	2512	2874	2971	3077	2945	3002	3001
434.91	433.47	20139	2414	2917	3038	2965	2981	2994	2830
434.61	433.25	20084	2613	2881	2851	2988	2976	2913	2862
434.31	432.97	20131	2521	2937	2841	2790	3058	2953	3031
434.01	432.72	20328	2548	2906	2996	2965	2962	3027	2924
433.71	432.41	20743	2614	2896	3054	2944	3142	3098	2995
433.41	432.08	20347	2549	2845	2987	3023	2920	3037	2986
433.11	431.72	20759	2607	2935	2992	3101	3115	3030	2979
432.81	431.43	20353	2639	2888	2930	2951	2988	3064	2893
432.51	431.16	20313	2437	2930	2970	2968	3125	2886	2997
432.21	430.88	20420	2506	2863	2968	3150	2999	2994	2940
431.91	430.61	20572	2634	3054	2970	3015	2994	2958	2947
431.61	430.31	20546	2644	2961	2814	2961	3160	3018	2988
431.31	429.97	20220	2654	2952	2847	3070	2954	2944	2799
431.01	429.65	20508	2606	2847	2935	2972	3036	3120	2992
430.71	429.39	20821	2736	3065	3036	2943	3061	3092	2888
430.41	429.03	20595	2806	2978	2845	3021	3070	2915	2960
430.11	428.77	20467	2573	2970	2993	2945	2938	3077	2971
429.81	428.49	20884	2673	2948	3046	2921	3149	3105	3042
429.51	428.18	20715	2686	2780	3112	3048	3073	3114	2902
429.21	427.94	20300	2586	2967	2817	3038	3007	2999	2886
428.91	427.61	20497	2636	2892	2963	2988	3042	3017	2959
428.61	427.29	20570	2725	2926	3115	2998	2950	2958	2898
428.31	426.99	20473	2589	2921	2984	2954	3009	3037	2979
428.01	426.64	20670	2699	2946	2975	3029	3003	3051	2967
427.72	426.32	20727	2867	3006	2933	2907	3005	2965	3044
427.42	426.13	20451	2710	2920	2934	3128	2785	2975	2999
427.12	425.85	20563	2717	2868	2904	3194	2919	3028	2933
426.82	425.57	20596	2572	2965	2906	3116	3061	3156	2820
426.52	425.28	20939	2701	3051	3121	2993	3054	3078	2941
426.22	424.93	20455	2619	2808	2970	2931	2948	3128	3051
425.92	424.59	20917	2847	3053	2924	3036	3182	3013	2862
425.62	424.31	20519	2820	2862	2922	2987	2966	2938	3024
425.32	423.98	20836	2855	3021	3029	3034	2886	2977	3034
425.02	423.7	20424	2770	3016	2973	3046	2765	2907	2947
424.72	423.44	20596	2680	2967	2889	3043	3068	3067	2882
424.42	423.15	21020	2780	2996	3055	3001	3094	3062	3032
424.12	422.91	21213	2895	2973	2994	3116	3050	3188	2997
423.82	422.62	20999	2720	2986	3091	3073	3058	3036	3035
423.52	422.25	20714	2689	3018	2922	3036	3026	2950	3073
423.22	421.96	21451	2829	3128	3079	3163	3093	3083	3076
422.92	421.65	20776	2723	3224	2897	2990	2897	3047	2998
422.62	421.36	21377	2862	2965	3100	3044	3186	3147	3073
422.32	421.08	21457	2839	3036	3036	3098	3062	3186	3200
422.02	420.82	21490	2820	3004	3053	3024	3261	3158	3170
421.72	420.51	21286	2952	2970	3156	3056	2974	3085	3093
421.42	420.18	21736	2937	3129	3168	3108	3170	3083	3141
421.12	419.88	21717	2924	3060	3047	3213	3078	3244	3151
420.82	419.58	21437	2977	3059	3106	2968	3063	3231	3033
420.52	419.27	21785	3047	3011	3251	3189	3041	3162	3084
420.22	418.99	21713	2922	3000	3161	3335	3077	3183	3035
419.93	418.71	21857	2917	3071	3221	3205	3175	3111	3157
419.63	418.45	22331	3047	3231	3295	3317	3234	3195	3012
419.33	418.18	22203	2860	3139	3120	3240	3152	3389	3303
419.03	417.85	22731	3028	3252	3217	3305	3291	3322	3316
418.73	417.53	22381	2987	3051	3257	3254	3246	3411	3175
418.43	417.21	22349	3084	3107	3267	3176	3276	3203	3236
418.13	416.87	22661	3026	3291	3189	3349	3308	3206	3292
417.83	416.58	22748	3179	3206	3261	3332	3297	3327	3146
417.53	416.39	22458	3056	3177	3218	3228	3178	3305	3296
417.23	416.09	22665	3115	3186	3192	3409	3286	3219	3258
416.93	415.85	23149	3078	3417	3286	3324	3412	3250	3382
416.63	415.54	23012	3035	3214	3343	3436	3231	3368	3385
416.33	415.18	22944	3090	3402	3199	3363	3314	3384	3192
416.03	414.87	23613	3202	3395	3361	3522	3417	3372	3344
415.73	414.54	23705	3230	3349	3274	3503	3581	3370	3398
415.43	414.22	23369	3111	3294	3385	3475	3452	3240	3412
415.13	413.97	23018	2943	3348	3420	3315	3386	3276	3330
414.83	413.7	23653	3297	3352	3333	3464	3352	3325	3530
414.53	413.4	23783	3171	3291	3417	3480	3392	3563	3469
414.23	413.18	23935	3283	3386	3502	3341	3421	3509	3493
413.93	412.86	24018	3223	3369	3355	3437	3504	3578	3552
413.63	412.53	24232	3106	3402	3455	3674	3468	3496	3631
413.33	412.24	24644	3292	3379	3547	3643	3562	3582	3639
413.03	411.92	24849	3322	3320	3589	3721	3610	3698	3589
412.73	411.63	25538	3488	3610	3732	3798	3659	3730	3521
412.43	411.37	25619	3472	3595	3784	3753	3642	3655	3718
412.13	411.06	26529	3592	3754	3822	3793	3859	3769	3940
411.84	410.78	26879	3759	3858	3895	3812	3697	4042	3816
411.54	410.48	27139	3648	3808	3877	4093	4012	3992	3709
411.24	410.12	28416	3880	4051	4133	3995	4088	4119	4150
410.94	409.87	28623	3936	4097	4098	4070	4079	4183	4160
410.64	409.59	29028	3863	4296	4109	4301	4282	4157	4020
410.34	409.26	30107	4037	4275	4342	4285	4320	4470	4378
410.04	408.97	30955	4146	4567	4325	4474	4551	4378	4514
409.74	408.73	31461	4323	4280	4389	4574	4675	4576	4644
409.44	408.41	32514	4421	4565	4615	4742	4877	4673	4621
409.14	408.11	33664	4570	4684	4999	4803	4820	4850	4938
408.84	407.83	34271	4556	4798	4796	5114	5053	5089	4865
408.54	407.49	35379	4707	4981	5171	5048	5090	5243	5139
408.24	407.18	36754	5007	5089	5216	5324	5357	5417	5344
407.94	406.9	38210	5104	5357	5513	5728	5535	5389	5584
407.64	406.64	39270	5162	5567	5814	5665	5778	5625	5659
407.34	406.35	40125	5594	5733	5650	5881	5818	5651	5798
407.04	406.1	39628	5334	5512	5754	5817	5632	5711	5868
406.74	405.75	40094	5517	5550	5717	5963	5654	5891	5802
406.44	405.43	39504	5197	5640	5652	5764	5607	5820	5824
406.14	405.11	38890	5471	5405	5516	5598	5550	5764	5586
405.84	404.76	38239	5164	5419	5540	5528	5400	5617	5571
405.54	404.45	37224	5048	5358	5295	5381	5277	5455	5410
405.24	404.17	36231	5015	5245	5158	5336	5052	5228	5197
404.94	403.88	34473	4813	4846	4874	4897	4924	5043	5076
404.64	403.6	32909	4409	4613	4717	4882	4710	4859	4719
404.34	403.37	32135	4407	4575	4607	4718	4762	4474	4592
404.04	403.03	30762	4011	4402	4452	4372	4775	4329	4421
403.75	402.7	29522	4126	4205	4068	4253	4299	4318	4253
403.45	402.39	28742	3908	4179	4124	3916	4290	4189	4136
403.15	402.07	27772	3776	3921	3935	4132	3936	4025	4047
402.85	401.79	27102	3704	3963	3911	3855	3812	3884	3973
402.55	401.52	26792	3771	3954	3714	3827	3842	3830	3854
402.25	401.23	26497	3529	3626	3787	3878	3891	3933	3853
401.95	400.93	25699	3530	3488	3708	3730	3824	3673	3746
401.65	400.63	26005	3532	3795	3702	3779	3708	3775	3714
401.35	400.28	25951	3409	3640	3690	3786	3861	3740	3825
401.05	400	26520	3678	3663	3844	3778	3961	3912	3684
400.75	399.69	26151	3676	3584	3765	3769	3830	3759	3768
400.45	399.38	26316	3661	3732	3847	3758	3852	3746	3720
400.15	399.09	26663	3444	3716	3947	3941	3896	3764	3955
399.85	398.83	26501	3480	3761	3800	3988	3894	3800	3778
399.55	398.52	26694	3704	3825	3706	3901	3884	3786	3888
399.25	398.22	26593	3727	3645	3776	3850	3817	3955	3823
398.95	397.92	26327	3580	3956	3805	3912	3643	3667	3764
398.65	397.58	26610	3736	3858	3712	4053	3735	3742	3774
398.35	397.27	26371	3668	3790	3768	3773	3793	3824	3755
398.05	396.99	26565	3660	3801	3781	3852	3854	3763	3854
397.75	396.74	26709	3682	3788	3862	3853	3870	3952	3702
397.45	396.49	26662	3566	3997	3734	3869	3840	3787	3869
397.15	396.2	26502	3505	3834	3560	3877	3882	3964	3880
396.85	395.86	26893	3528	3996	3908	3871	3943	3846	3801
396.55	395.57	26821	3568	3836	3849	3965	3794	3811	3998
396.25	395.26	27139	3744	3813	3806	3940	4126	3801	3909
395.96	394.9	27013	3610	3821	3986	3914	3940	3945	3797
395.66	394.63	27083	3655	3805	3833	3988	4011	3934	3857
395.36	394.37	27084	3869	3881	3813	3830	3900	3845	3946
395.06	394.07	27221	3709	3914	3901	3867	3987	3999	3844
394.76	393.79	27248	3631	3790	3855	3935	4177	3960	3900
394.46	393.56	27386	3828	3853	3922	3894	3938	4013	3938
394.16	393.21	27508	3734	3969	3943	4044	3863	4007	3948
393.86	392.88	27709	3793	3838	3961	3894	4155	4162	3906
393.56	392.56	27386	3749	3866	3930	4113	3888	3957	3883
393.26	392.25	27626	3815	3837	3998	4160	3854	4034	3928
392.96	391.99	27469	3672	3914	3906	3964	4116	3894	4003
392.66	391.7	27902	3852	4061	3944	4219	3848	3906	4072
392.36	391.38	27864	3792	4108	4010	3950	3853	4083	4068
392.06	391.1	28215	3721	4067	4076	4064	4221	3957	4109
391.76	390.76	28133	3852	4029	3998	4035	4030	4101	4088
391.46	390.39	28048	3930	3986	4097	4103	4015	3979	3938
391.16	390.18	27955	3803	4094	3914	4095	4034	4169	3846
390.86	389.84	28170	3962	4056	4002	4207	3941	3993	4009
390.56	389.55	27980	3919	3907	4017	3936	4112	4021	4068
390.26	389.3	28603	3867	4066	4198	4108	4196	4159	4009
389.96	388.99	28472	3970	4091	3933	3970	4179	4069	4260
389.66	388.69	28573	3976	4028	4053	4053	4231	4139	4093
389.36	388.38	28304	3876	4131	3933	3937	4132	4218	4077
389.06	388.05	28415	3925	3950	3964	4233	4263	3928	4152
388.76	387.69	28234	3835	3767	4220	4231	4013	4130	4038
388.46	387.41	28272	3832	3906	4135	4172	3962	4088	4177
388.16	387.11	28709	3963	4077	4080	4114	4187	4000	4288
387.87	386.88	28376	3904	4059	4090	4209	4029	3924	4161
387.57	386.62	28625	4008	4079	4096	4115	4056	4070	4201
387.27	386.32	29164	4083	4219	4130	4215	4244	4005	4268
386.97	385.97	28934	4087	4246	4011	4110	4171	4088	4221
386.67	385.67	29122	3882	4163	4052	4406	4269	4239	4111
386.37	385.33	29240	4068	4148	4194	4279	4157	4289	4105
386.07	385	29276	3967	4094	4301	4376	4234	4126	4178
385.77	384.72	29919	4048	4236	4256	4288	4293	4414	4384
385.47	384.44	29617	4223	4060	4241	4223	4195	4327	4348
385.17	384.14	30346	4122	4240	4356	4272	4496	4352	4508
384.87	383.87	30504	4136	4495	4433	4309	4295	4364	4472
384.57	383.62	30623	4325	4307	4279	4532	4387	4381	4412
384.27	383.29	31338	4298	4369	4493	4584	4492	4502	4600
383.97	382.99	31686	4437	4387	4450	4545	4621	4560	4686
383.67	382.69	32046	4515	4640	4681	4610	4572	4485	4543
383.37	382.37	32517	4597	4557	4631	4543	4706	4776	4707
383.07	382.11	32639	4416	4626	4702	4806	4644	4714	4731
382.77	381.83	33667	4608	4795	4787	5008	4841	4769	4859
382.47	381.54	33864	4732	4822	4672	5056	4832	4830	4920
382.17	381.24	34660	4657	4939	5024	5084	5034	4919	5003
381.87	380.9	35116	4913	4966	4978	5207	4996	4994	5062
381.57	380.57	35641	5076	4928	5049	5009	5156	5098	5325
381.27	380.36	35782	5093	4963	5374	4825	5203	5093	5231
380.97	380.01	36905	5181	5217	5346	5254	5224	5445	5238
380.67	379.74	37306	5024	5439	5355	5412	5267	5409	5400
380.37	379.49	37553	5114	5398	5421	5498	5422	5363	5337
380.07	379.19	38318	5314	5381	5402	5582	5611	5367	5661
379.78	378.87	38888	5319	5540	5577	5478	5638	5544	5792
379.48	378.59	38579	5388	5464	5390	5592	5480	5721	5544
379.18	378.24	38235	5247	5466	5474	5500	5501	5474	5573
378.88	377.92	37877	5332	5302	5337	5577	5417	5491	5421
378.58	377.66	37552	5289	5199	5443	5650	5270	5412	5289
378.28	377.34	36776	5120	5165	5356	5263	5308	5290	5274
377.98	377.12	35574	4872	5017	5265	5118	4953	5061	5288
377.68	376.85	35498	5048	5090	5187	4993	5142	5059	4979
377.38	376.54	35040	5116	5064	4994	4950	5031	4848	5037
377.08	376.23	35372	5007	5099	4952	5129	5069	5108	5008
376.78	375.93	34334	4787	4991	5008	5045	4892	4912	4699
376.48	375.59	34183	4686	4983	4976	5093	4830	4768	4847
376.18	375.27	34141	4817	4884	4773	5009	4947	4906	4805
375.88	375	33329	4639	4766	4766	4857	4831	4782	4688
375.58	374.71	33421	4614	4957	4817	4604	4850	4752	4827
375.28	374.43	32389	4336	4552	4659	4854	4667	4610	4711
374.98	374.16	32622	4503	4526	4665	4889	4709	4701	4629
374.68	373.89	31967	4459	4648	4646	4466	4602	4468	4678
374.38	373.56	32305	4511	4753	4745	4721	4490	4551	4534
374.08	373.26	31652	4480	4490	4620	4540	4574	4500	4448
373.78	372.93	31982	4371	4748	4638	4644	4567	4484	4530
373.48	372.63	31840	4404	4495	4596	4584	4722	4474	4565
373.18	372.38	31604	4267	4388	4531	4751	4678	4484	4505
372.88	372.08	31536	4311	4726	4580	4564	4550	4457	4348
372.58	371.8	31067	4332	4365	4571	4506	4316	4480	4497
372.28	371.49	31232	4407	4331	4562	4462	4620	4325	4525
371.99	371.14	31230	4337	4351	4461	4550	4609	4376	4546
371.69	370.84	31334	4173	4323	4618	4580	4581	4577	4482
371.39	370.61	30960	4252	4551	4526	4359	4447	4416	4409
371.09	370.26	30833	4296	4461	4453	4341	4469	4425	4388
370.79	370.01	31027	4474	4473	4354	4341	4418	4406	4561
370.49	369.74	31320	4400	4391	4634	4686	4429	4255	4525
370.19	369.44	30951	4386	4480	4337	4474	4331	4572	4371
369.89	369.16	31316	4437	4468	4417	4609	4558	4388	4439
369.59	368.84	31445	4353	4592	4452	4529	4696	4464	4359
369.29	368.49	31196	4412	4497	4622	4398	4512	4415	4340
368.99	368.21	31043	4401	4325	4429	4550	4561	4396	4381
368.69	367.89	30866	4435	4275	4404	4710	4366	4395	4281
368.39	367.59	31165	4346	4379	4466	4534	4403	4568	4469
368.09	367.39	31461	4266	4519	4501	4560	4563	4536	4516
367.79	367.11	31442	4258	4512	4499	4608	4734	4296	4535
367.49	366.81	31360	4316	4374	4734	4549	4381	4617	4389
367.19	366.5	31379	4382	4357	4451	4765	4660	4348	4416
366.89	366.15	31276	4385	4425	4439	4461	4681	4504	4381
366.59	365.81	31321	4474	4446	4423	4375	4593	4509	4501
366.29	365.52	31535	4497	4563	4445	4509	4479	4467	4575
365.99	365.22	31387	4373	4406	4747	4375	4535	4358	4593
365.69	364.94	31598	4403	4535	4479	4584	4656	4446	4495
365.39	364.71	31091	4410	4420	4400	4494	4474	4425	4468
365.09	364.37	30878	4484	4453	4416	4532	4336	4358	4299
364.79	364.13	31024	4408	4529	4519	4415	4400	4316	4437
364.49	363.84	31408	4384	4368	4467	4459	4684	4391	4655
364.19	363.48	30930	4195	4359	4524	4518	4483	4553	4298
363.9	363.15	31241	4335	4338	4496	4512	4583	4506	4471
363.6	362.88	31418	4433	4386	4568	4614	4444	4484	4489
363.3	362.6	31460	4447	4537	4542	4552	4522	4383	4477
363	362.32	31121	4300	4450	4472	4412	4447	4603	4437
362.7	362.06	31469	4255	4560	4602	4381	4553	4587	4531
362.4	361.73	30920	4357	4217	4379	4437	4496	4600	4434
362.1	361.4	31353	4456	4554	4474	4555	4456	4415	4443
361.8	361.08	31607	4486	4524	4554	4518	4507	4460	4558
361.5	360.81	30996	4268	4445	4554	4502	4532	4346	4349
361.2	360.49	31496	4426	4541	4549	4383	4497	4477	4623
360.9	360.25	31192	4392	4451	4570	4354	4623	4276	4526
360.6	359.95	31241	4394	4522	4516	4523	4426	4360	4500
360.3	359.66	31319	4291	4430	4510	4502	4599	4454	4533
360	359.39	31201	4382	4324	4554	4521	4400	4482	4538
