Scans: 7	Points: 267	time: 333.000000
Energy(calc)	Energy(meas)	Sum	Scan1	Scan2	Scan3	Scan4	Scan5	Scan6	Scan7
920	916.87	8513	1141	1275	1269	1213	1150	1233	1232
919.7	916.58	8432	1155	1266	1177	1254	1233	1232	1115
919.4	916.3	8266	1244	1199	1247	1185	1102	1143	1146
919.1	915.97	8450	1175	1260	1219	1271	1191	1147	1187
918.8	915.69	8278	1152	1186	1222	1213	1128	1168	1209
918.5	915.39	8343	1157	1266	1247	1226	1164	1143	1140
918.2	915.06	8315	1183	1145	1279	1234	1085	1163	1226
917.9	914.78	8300	1157	1142	1182	1232	1151	1216	1220
917.6	914.49	8528	1143	1223	1275	1146	1233	1245	1263
917.3	914.22	8230	1184	1185	1217	1229	1086	1180	1149
917	913.95	8575	1199	1246	1282	1234	1236	1254	1124
916.7	913.65	8420	1206	1235	1262	1139	1199	1201	1178
916.4	913.33	8423	1198	1193	1223	1281	1222	1192	1114
916.1	913.04	8433	1178	1200	1233	1181	1211	1205	1225
915.81	912.8	8285	1158	1197	1286	1192	1107	1183	1162
915.51	912.49	8445	1249	1229	1206	1209	1209	1147	1196
915.21	912.17	8356	1200	1258	1167	1229	1212	1138	1152
914.91	911.9	8482	1146	1231	1256	1204	1130	1257	1258
914.61	911.61	8255	1087	1265	1177	1187	1182	1089	1268
914.31	911.31	8343	1191	1142	1218	1208	1278	1154	1152
914.01	911.09	8366	1178	1193	1212	1139	1234	1247	1163
913.71	910.74	8447	1161	1218	1226	1209	1164	1261	1208
913.41	910.41	8418	1197	1133	1197	1245	1199	1253	1194
913.11	910.16	8404	1197	1158	1294	1166	1196	1182	1211
912.81	909.86	8391	1246	1163	1238	1218	1174	1251	1101
912.51	909.56	8292	1176	1209	1294	1122	1160	1182	1149
912.21	909.3	8461	1234	1152	1261	1230	1208	1114	1262
911.91	908.96	8388	1179	1225	1240	1215	1164	1208	1157
911.61	908.64	8495	1255	1193	1233	1195	1164	1217	1238
911.31	908.34	8350	1186	1208	1280	1201	1218	1132	1125
911.01	907.99	8601	1183	1234	1273	1296	1261	1184	1170
910.71	907.72	8618	1157	1279	1174	1317	1240	1200	1251
910.41	907.47	8371	1264	1243	1225	1196	1210	1134	1099
910.11	907.18	8432	1219	1165	1202	1250	1149	1279	1168
909.81	906.88	8231	1194	1209	1157	1217	1148	1140	1166
909.51	906.62	8278	1288	1234	1192	1170	1161	1158	1075
909.21	906.33	8761	1268	1257	1288	1251	1317	1238	1142
908.91	906.01	8469	1214	1240	1246	1164	1197	1182	1226
908.61	905.72	8464	1209	1293	1245	1223	1170	1180	1144
908.31	905.38	8660	1163	1258	1264	1260	1254	1199	1262
908.01	905.06	8343	1228	1240	1178	1214	1220	1186	1077
907.72	904.78	8487	1216	1254	1191	1272	1174	1217	1163
907.42	904.58	8232	1143	1185	1142	1253	1188	1186	1135
907.12	904.26	8413	1201	1269	1217	1159	1165	1176	1226
906.82	903.99	8309	1142	1263	1185	1224	1156	1227	1112
906.52	903.68	8424	1283	1203	1265	1191	1164	1179	1139
906.22	903.33	8342	1144	1173	1208	1178	1223	1219	1197
905.92	903.02	8462	1122	1255	1178	1265	1199	1189	1254
905.62	902.75	8501	1217	1220	1198	1257	1191	1232	1186
905.32	902.45	8412	1200	1200	1251	1195	1166	1208	1192
905.02	902.16	8478	1164	1219	1263	1236	1226	1200	1170
904.72	901.88	8420	1258	1223	1293	1165	1146	1139	1196
904.42	901.57	8432	1203	1183	1246	1179	1278	1175	1168
904.12	901.28	8502	1130	1296	1278	1194	1226	1213	1165
903.82	900.97	8511	1179	1243	1289	1211	1245	1175	1169
903.52	900.62	8675	1282	1265	1216	1230	1225	1256	1201
903.22	900.34	8495	1247	1229	1190	1254	1189	1240	1146
902.92	900.04	8484	1162	1236	1141	1264	1186	1293	1202
902.62	899.74	8385	1211	1218	1222	1178	1237	1116	1203
902.32	899.49	8304	1202	1245	1172	1268	1088	1143	1186
902.02	899.21	8429	1167	1169	1220	1217	1260	1202	1194
901.72	898.85	8392	1191	1210	1208	1266	1204	1122	1191
901.42	898.58	8608	1273	1206	1232	1254	1237	1181	1225
901.12	898.31	8319	1107	1229	1288	1138	1228	1234	1095
900.82	898.03	8604	1237	1274	1192	1229	1315	1198	1159
900.52	897.73	8467	1268	1277	1163	1183	1147	1223	1206
900.22	897.45	8384	1267	1242	1191	1171	1189	1150	1174
899.93	897.14	8573	1252	1293	1193	1200	1212	1182	1241
899.63	896.83	8653	1259	1237	1271	1185	1241	1261	1199
899.33	896.51	8670	1222	1229	1251	1230	1238	1265	1235
899.03	896.19	8744	1292	1194	1261	1240	1214	1263	1280
898.73	895.88	8837	1262	1232	1347	1194	1298	1285	1219
898.43	895.56	8958	1317	1324	1306	1277	1297	1230	1207
898.13	895.24	8985	1249	1365	1338	1247	1285	1242	1259
897.83	894.95	8842	1271	1208	1238	1292	1209	1311	1313
897.53	894.74	8957	1303	1354	1264	1245	1284	1294	1213
897.23	894.41	8946	1315	1286	1275	1333	1263	1212	1262
896.93	894.12	9054	1273	1290	1329	1268	1318	1304	1272
896.63	893.87	9287	1353	1283	1384	1286	1330	1306	1345
896.33	893.56	9292	1355	1353	1334	1368	1225	1295	1362
896.03	893.22	8955	1258	1321	1288	1265	1288	1244	1291
895.73	892.94	8805	1279	1282	1264	1302	1233	1270	1175
895.43	892.59	8831	1212	1305	1330	1254	1224	1248	1258
895.13	892.33	8740	1275	1312	1251	1167	1235	1227	1273
894.83	892.08	8640	1292	1206	1315	1222	1169	1205	1231
894.53	891.74	8534	1215	1141	1201	1287	1174	1249	1267
894.23	891.46	8526	1216	1174	1272	1206	1276	1212	1170
893.93	891.17	8565	1134	1203	1259	1275	1267	1148	1279
893.63	890.85	8669	1239	1206	1236	1261	1251	1245	1231
893.33	890.52	8873	1351	1317	1190	1272	1301	1199	1243
893.03	890.23	8650	1272	1230	1222	1249	1256	1218	1203
892.73	889.93	8941	1314	1315	1316	1206	1281	1261	1248
892.43	889.7	9058	1324	1313	1348	1274	1303	1237	1259
892.13	889.45	9107	1357	1364	1250	1339	1259	1232	1306
891.84	889.15	8896	1295	1263	1290	1288	1259	1264	1237
891.54	888.81	8922	1283	1317	1280	1259	1304	1277	1202
891.24	888.5	9054	1283	1260	1405	1286	1289	1253	1278
890.94	888.24	9141	1370	1366	1261	1274	1336	1272	1262
890.64	887.9	9359	1309	1403	1333	1368	1366	1243	1337
890.34	887.65	9656	1419	1374	1387	1391	1335	1375	1375
890.04	887.37	9314	1302	1343	1316	1311	1369	1256	1417
889.74	887.07	9632	1351	1377	1462	1417	1332	1345	1348
889.44	886.81	9643	1400	1438	1390	1399	1383	1380	1253
889.14	886.5	10795	1682	1593	1524	1420	1533	1591	1452
888.84	886.14	12958	2116	1780	1750	1921	1803	1744	1844
888.54	885.86	16095	2378	2364	2263	2281	2379	2215	2215
888.24	885.55	18266	2694	2677	2541	2609	2536	2547	2662
887.94	885.23	17797	2245	2634	2682	2542	2586	2429	2679
887.64	885.04	15812	2133	2263	2325	2350	2233	2271	2237
887.34	884.78	12893	1701	1916	1932	1793	1823	1848	1880
887.04	884.44	11236	1499	1715	1721	1653	1550	1573	1525
886.74	884.17	10418	1464	1493	1479	1505	1482	1500	1495
886.44	883.82	9957	1388	1466	1416	1418	1455	1397	1417
886.14	883.47	9671	1323	1501	1362	1418	1389	1316	1362
885.84	883.2	9497	1321	1389	1414	1364	1290	1402	1317
885.54	882.88	9197	1329	1288	1343	1352	1307	1296	1282
885.24	882.59	9481	1332	1407	1301	1449	1342	1321	1329
884.94	882.34	9490	1374	1336	1318	1387	1362	1368	1345
884.64	882.04	9424	1294	1464	1360	1342	1317	1324	1323
884.34	881.77	9565	1362	1377	1370	1401	1301	1403	1351
884.04	881.46	9783	1357	1423	1540	1398	1363	1392	1310
883.75	881.13	9806	1485	1467	1378	1321	1404	1372	1379
883.45	880.84	9936	1491	1399	1424	1476	1385	1368	1393
883.15	880.56	10628	1483	1545	1519	1500	1501	1564	1516
882.85	880.25	12025	1861	1662	1651	1699	1727	1713	1712
882.55	879.95	14312	2181	2046	2100	2023	1969	2006	1987
882.25	879.65	15826	2246	2239	2313	2363	2156	2228	2281
881.95	879.36	15630	2047	2278	2379	2266	2175	2344	2141
881.65	879.06	13750	1853	2059	1989	2018	2042	1850	1939
881.35	878.8	12159	1640	1868	1756	1732	1705	1710	1748
881.05	878.53	10741	1540	1531	1572	1452	1573	1553	1520
880.75	878.19	10656	1589	1550	1524	1438	1562	1481	1512
880.45	877.84	10281	1534	1590	1476	1418	1384	1477	1402
880.15	877.53	10000	1392	1430	1494	1413	1459	1382	1430
879.85	877.25	10039	1436	1512	1534	1413	1389	1361	1394
879.55	876.99	9874	1417	1490	1368	1389	1348	1396	1466
879.25	876.68	9704	1402	1408	1436	1304	1407	1385	1362
878.95	876.34	9706	1394	1440	1373	1482	1323	1353	1341
878.65	876.07	9579	1460	1409	1416	1285	1317	1364	1328
878.35	875.75	9579	1453	1309	1362	1334	1367	1342	1412
878.05	875.46	9827	1339	1465	1455	1371	1343	1434	1420
877.75	875.28	9604	1389	1410	1396	1321	1342	1383	1363
877.45	874.97	9585	1349	1449	1355	1446	1251	1361	1374
877.15	874.71	9797	1467	1414	1390	1394	1344	1439	1349
876.85	874.43	9728	1426	1475	1410	1294	1448	1317	1358
876.55	874.09	9863	1431	1391	1357	1469	1384	1456	1375
876.25	873.76	9697	1438	1355	1426	1337	1366	1381	1394
875.96	873.41	9724	1373	1386	1402	1398	1350	1447	1368
875.66	873.12	9726	1382	1415	1427	1363	1404	1360	1375
875.36	872.81	10053	1467	1541	1490	1376	1493	1330	1356
875.06	872.58	9904	1460	1406	1431	1410	1437	1425	1335
874.76	872.31	9858	1393	1429	1399	1452	1449	1388	1348
874.46	872.04	9765	1308	1356	1494	1371	1447	1399	1390
874.16	871.77	9683	1425	1402	1416	1338	1378	1419	1305
873.86	871.45	9935	1467	1462	1488	1397	1321	1444	1356
873.56	871.13	9825	1337	1462	1435	1371	1358	1426	1436
873.26	870.87	9911	1391	1464	1396	1398	1392	1503	1367
872.96	870.54	9995	1414	1436	1466	1337	1359	1491	1492
872.66	870.22	9650	1395	1473	1385	1363	1353	1325	1356
872.36	869.99	9953	1325	1412	1531	1431	1425	1431	1398
872.06	869.69	9854	1435	1487	1465	1398	1390	1367	1312
871.76	869.37	10142	1479	1591	1445	1373	1437	1364	1453
871.46	869.1	9781	1422	1364	1377	1445	1465	1366	1342
871.16	868.82	9796	1428	1434	1379	1426	1332	1369	1428
870.86	868.48	10354	1464	1531	1498	1538	1434	1453	1436
870.56	868.21	10076	1424	1449	1509	1430	1406	1391	1467
870.26	867.92	10228	1514	1495	1578	1384	1410	1412	1435
869.96	867.63	9990	1422	1469	1431	1353	1424	1478	1413
869.66	867.35	10149	1393	1471	1477	1335	1535	1483	1455
869.36	867.02	9850	1430	1449	1469	1422	1369	1323	1388
869.06	866.68	9890	1354	1462	1520	1343	1414	1438	1359
868.76	866.37	9959	1375	1513	1457	1359	1410	1450	1395
868.46	866.09	9978	1438	1469	1415	1369	1417	1482	1388
868.16	865.76	9997	1447	1329	1438	1547	1407	1408	1421
867.87	865.55	10121	1462	1474	1460	1367	1459	1394	1505
867.57	865.28	9914	1394	1476	1417	1394	1353	1495	1385
867.27	864.98	9970	1412	1479	1409	1377	1363	1524	1406
866.97	864.68	10110	1531	1447	1479	1387	1443	1368	1455
866.67	864.36	9838	1504	1370	1505	1407	1339	1323	1390
866.37	864.05	10143	1464	1486	1508	1434	1396	1390	1465
866.07	863.74	9957	1425	1369	1491	1338	1421	1445	1468
865.77	863.4	10046	1386	1435	1491	1469	1412	1388	1465
865.47	863.13	9909	1357	1432	1470	1455	1419	1426	1350
865.17	862.87	10364	1437	1435	1641	1518	1479	1459	1395
864.87	862.57	9913	1437	1425	1355	1431	1306	1440	1519
864.57	862.33	10122	1390	1576	1433	1414	1486	1391	1432
864.27	862.01	9902	1417	1483	1435	1369	1384	1416	1398
863.97	861.65	10329	1570	1437	1508	1507	1486	1402	1419
863.67	861.32	10242	1504	1439	1483	1365	1523	1517	1411
863.37	861.04	10184	1436	1560	1471	1447	1442	1329	1499
863.07	860.73	10227	1463	1542	1432	1516	1423	1397	1454
862.77	860.45	10328	1490	1465	1497	1461	1487	1477	1451
862.47	860.18	10097	1486	1497	1478	1417	1449	1370	1400
862.17	859.86	9954	1345	1407	1566	1420	1354	1418	1444
861.87	859.52	9884	1432	1360	1434	1323	1467	1434	1434
861.57	859.22	10143	1424	1481	1384	1480	1430	1413	1531
861.27	858.95	10153	1524	1445	1452	1430	1361	1505	1436
860.97	858.62	10064	1419	1514	1422	1370	1460	1428	1451
860.67	858.37	10342	1511	1485	1455	1410	1469	1450	1562
860.37	858.06	10147	1394	1472	1548	1381	1499	1422	1431
860.07	857.75	10087	1377	1442	1398	1521	1520	1376	1453
859.78	857.48	10166	1469	1421	1464	1420	1515	1431	1446
859.48	857.17	9983	1433	1555	1418	1395	1391	1395	1396
859.18	856.84	9978	1471	1457	1471	1403	1379	1298	1499
858.88	856.56	10027	1472	1363	1405	1487	1446	1459	1395
858.58	856.18	10272	1510	1442	1505	1437	1428	1464	1486
858.28	855.86	10260	1527	1487	1419	1459	1436	1482	1450
857.98	855.66	10041	1447	1412	1402	1401	1467	1491	1421
857.68	855.38	10241	1435	1434	1494	1450	1417	1481	1530
857.38	855.06	10037	1398	1424	1413	1386	1474	1468	1474
857.08	854.77	10073	1433	1502	1403	1482	1392	1424	1437
856.78	854.42	10092	1486	1462	1483	1422	1421	1397	1421
856.48	854.1	10267	1404	1552	1459	1499	1471	1436	1446
856.18	853.83	10147	1506	1472	1456	1425	1470	1464	1354
855.88	853.51	10035	1431	1498	1487	1387	1351	1485	1396
855.58	853.23	10269	1496	1502	1416	1389	1469	1487	1510
855.28	852.98	10157	1590	1475	1458	1463	1351	1396	1424
854.98	852.68	10021	1464	1470	1500	1402	1356	1448	1381
854.68	852.41	10196	1453	1492	1385	1444	1500	1504	1418
854.38	852.12	9992	1472	1490	1452	1411	1322	1417	1428
854.08	851.78	10012	1418	1458	1412	1455	1458	1333	1478
853.78	851.44	9787	1539	1410	1400	1327	1397	1338	1376
853.48	851.15	10050	1521	1448	1409	1370	1384	1463	1455
853.18	850.89	10133	1455	1439	1408	1566	1476	1387	1402
852.88	850.6	9976	1417	1489	1388	1409	1460	1423	1390
852.58	850.32	9994	1401	1452	1461	1439	1399	1429	1413
852.28	850	9945	1516	1464	1448	1422	1303	1435	1357
851.99	849.68	9938	1477	1461	1398	1411	1386	1383	1422
851.69	849.4	10212	1537	1426	1492	1458	1465	1485	1349
851.39	849.14	10008	1436	1483	1437	1385	1453	1394	1420
851.09	848.81	10037	1425	1469	1434	1450	1400	1427	1432
850.79	848.56	10169	1491	1375	1505	1484	1458	1419	1437
850.49	848.26	9929	1431	1482	1372	1402	1440	1378	1424
850.19	847.98	9994	1431	1518	1376	1411	1435	1360	1463
849.89	847.69	10106	1561	1459	1446	1358	1401	1427	1454
849.59	847.37	9984	1490	1448	1343	1386	1482	1438	1397
849.29	847.06	10122	1479	1405	1494	1387	1464	1439	1454
848.99	846.74	10077	1443	1513	1497	1430	1396	1397	1401
848.69	846.43	9935	1480	1495	1483	1361	1370	1390	1356
848.39	846.13	10201	1467	1442	1513	1548	1475	1361	1395
848.09	845.95	9984	1480	1453	1425	1363	1498	1359	1406
847.79	845.66	10166	1541	1554	1427	1448	1383	1443	1370
847.49	845.36	10064	1416	1471	1517	1398	1410	1401	1451
847.19	845.04	9965	1500	1440	1447	1372	1434	1367	1405
846.89	844.71	10037	1486	1469	1427	1405	1362	1451	1437
846.59	844.42	10211	1518	1531	1427	1437	1427	1449	1422
846.29	844.13	10014	1433	1437	1416	1439	1466	1423	1400
845.99	843.81	9957	1417	1440	1431	1434	1333	1441	1461
845.69	843.55	9883	1406	1494	1354	1392	1444	1413	1380
845.39	843.27	9993	1442	1495	1468	1351	1408	1427	1402
845.09	842.96	10125	1400	1526	1484	1460	1424	1400	1431
844.79	842.71	10042	1474	1434	1447	1434	1447	1394	1412
844.49	842.38	9979	1444	1477	1490	1425	1392	1420	1331
844.19	842.05	10121	1497	1512	1399	1401	1390	1439	1483
843.9	841.73	9882	1444	1444	1423	1399	1427	1387	1358
843.6	841.47	10130	1444	1533	1493	1391	1454	1463	1352
843.3	841.16	10219	1527	1568	1448	1393	1440	1459	1384
843	840.88	10048	1516	1416	1486	1378	1459	1370	1423
842.7	840.61	10086	1476	1446	1537	1449	1394	1395	1389
842.4	840.31	10036	1378	1461	1503	1340	1409	1467	1478
842.1	839.97	10085	1557	1513	1439	1406	1389	1427	1354
841.8	839.66	10157	1464	1462	1532	1452	1396	1386	1465
841.5	839.39	10103	1500	1507	1451	1439	1363	1381	1462
841.2	839.08	10244	1420	1487	1505	1393	1469	1468	1502
840.9	838.81	10026	1418	1483	1361	1471	1439	1455	1399
840.6	838.5	10214	1519	1445	1480	1398	1406	1508	1458
840.3	838.23	10067	1402	1421	1463	1455	1416	1456	1454
840	837.94	9978	1351	1492	1469	1409	1460	1425	1372
