11.800000 -1.328680 0.002409 -1.345069 0.002222
11.800000 -1.329638 0.002469 -1.346716 0.002237
11.800000 -1.328927 0.002227 -1.344801 0.002414
14.500000 -1.335512 0.002952 -1.341112 0.003160
14.500000 -1.327293 0.002295 -1.343059 0.002219
14.500000 -1.330070 0.002276 -1.343648 0.002236
17.000000 -1.329416 0.003266 -1.343419 0.002509
17.000000 -1.330953 0.002298 -1.345585 0.002306
17.000000 -1.331149 0.002271 -1.343581 0.002233
18.000000 -1.330968 0.002307 -1.342254 0.002237
18.000000 -1.331376 0.002230 -1.343854 0.002487
18.000000 -1.330361 0.002235 -1.341691 0.002238
19.900000 -1.336507 0.003278 -1.343296 0.002286
19.900000 -1.332964 0.002418 -1.340466 0.002208
19.900000 -1.333781 0.002786 -1.340480 0.002281
20.600000 -1.332258 0.002274 -1.341549 0.003681
20.600000 -1.333310 0.003324 -1.342229 0.002303
20.600000 -1.333245 0.002451 -1.339296 0.002500
21.500000 -1.335731 0.003943 -1.338552 0.002181
21.500000 -1.333548 0.002175 -1.339803 0.002252
21.500000 -1.334310 0.002245 -1.338220 0.002168
22.000000 -1.333823 0.004319 -1.340288 0.003390
22.000000 -1.333882 0.002220 -1.341760 0.002173
22.000000 -1.332401 0.002294 -1.338834 0.002214
22.500000 -1.335757 0.002283 -1.339020 0.002237
22.500000 -1.332330 0.002232 -1.338870 0.002284
22.500000 -1.334829 0.002361 -1.337204 0.002198
23.000000 -1.336061 0.002148 -1.338748 0.002421
23.000000 -1.333638 0.002229 -1.336121 0.002208
23.000000 -1.337256 0.003390 -1.337148 0.002267
23.500000 -1.336710 0.002232 -1.337256 0.002187
23.500000 -1.336023 0.002548 -1.336187 0.002709
23.500000 -1.335686 0.002287 -1.336342 0.002245
24.000000 -1.334671 0.002325 -1.334595 0.002271
24.000000 -1.336270 0.002214 -1.334172 0.002246
24.000000 -1.334438 0.002270 -1.336243 0.002297
24.400000 -1.332462 0.002379 -1.336922 0.002219
24.400000 -1.334310 0.002281 -1.337246 0.002318
24.400000 -1.334014 0.002231 -1.330962 0.002243
25.000000 -1.334665 0.002428 -1.334773 0.002273
25.000000 -1.334652 0.003217 -1.337147 0.002216
25.000000 -1.332399 0.002178 -1.333493 0.002145
26.000000 -1.336326 0.002321 -1.334156 0.002310
26.000000 -1.334693 0.002388 -1.334604 0.002288
26.000000 -1.336448 0.002395 -1.335296 0.002264
27.000000 -1.334515 0.002313 -1.332859 0.002230
27.000000 -1.334271 0.003370 -1.332230 0.002244
27.000000 -1.332419 0.002705 -1.333250 0.002280
29.000000 -1.335217 0.002279 -1.332647 0.002347
29.000000 -1.336258 0.002253 -1.331722 0.003831
29.000000 -1.335492 0.002274 -1.332256 0.002244
30.900000 -1.336456 0.003061 -1.332542 0.003635
30.900000 -1.337399 0.002291 -1.332279 0.002696
30.900000 -1.336942 0.002272 -1.331486 0.002639
33.000000 -1.337637 0.002836 -1.331125 0.002166
33.000000 -1.336315 0.002078 -1.332343 0.002159
33.000000 -1.336926 0.002165 -1.332090 0.002959
34.800000 -1.337530 0.002229 -1.333105 0.002339
34.800000 -1.340354 0.002443 -1.334380 0.003998
34.800000 -1.339400 0.002360 -1.331222 0.003740
